visible_craters,time
1,0
2,1000
3,2000
4,3000
5,4000
6,5000
7,6000
8,7000
9,8000
10,9000
11,10000
12,11000
13,12000
14,13000
14,14000
15,15000
16,16000
17,17000
18,18000
19,19000
20,20000
21,21000
22,22000
23,23000
24,24000
25,25000
26,26000
27,27000
28,28000
29,29000
30,30000
31,31000
32,32000
33,33000
33,34000
34,35000
35,36000
36,37000
37,38000
32,39000
33,40000
34,41000
35,42000
36,43000
37,44000
38,45000
39,46000
40,47000
41,48000
42,49000
43,50000
44,51000
45,52000
46,53000
47,54000
48,55000
49,56000
50,57000
51,58000
50,59000
51,60000
52,61000
53,62000
54,63000
55,64000
56,65000
57,66000
58,67000
59,68000
60,69000
61,70000
62,71000
63,72000
64,73000
65,74000
66,75000
67,76000
68,77000
69,78000
70,79000
71,80000
71,81000
72,82000
73,83000
68,84000
69,85000
70,86000
71,87000
72,88000
73,89000
74,90000
75,91000
76,92000
77,93000
78,94000
79,95000
80,96000
81,97000
82,98000
81,99000
82,100000
82,101000
83,102000
84,103000
85,104000
85,105000
86,106000
87,107000
88,108000
89,109000
90,110000
91,111000
92,112000
93,113000
94,114000
95,115000
96,116000
97,117000
98,118000
99,119000
100,120000
101,121000
102,122000
103,123000
104,124000
102,125000
103,126000
104,127000
105,128000
106,129000
107,130000
108,131000
107,132000
108,133000
109,134000
110,135000
111,136000
112,137000
113,138000
109,139000
110,140000
111,141000
112,142000
113,143000
114,144000
115,145000
116,146000
117,147000
118,148000
119,149000
120,150000
121,151000
122,152000
123,153000
123,154000
124,155000
125,156000
125,157000
126,158000
126,159000
127,160000
127,161000
128,162000
129,163000
130,164000
131,165000
132,166000
133,167000
134,168000
135,169000
136,170000
137,171000
137,172000
138,173000
139,174000
140,175000
141,176000
142,177000
143,178000
144,179000
145,180000
146,181000
147,182000
148,183000
149,184000
150,185000
151,186000
152,187000
153,188000
154,189000
155,190000
156,191000
156,192000
157,193000
156,194000
157,195000
158,196000
159,197000
157,198000
158,199000
159,200000
160,201000
161,202000
162,203000
163,204000
164,205000
165,206000
166,207000
167,208000
168,209000
168,210000
166,211000
167,212000
168,213000
169,214000
170,215000
171,216000
171,217000
172,218000
173,219000
170,220000
171,221000
172,222000
170,223000
171,224000
172,225000
173,226000
174,227000
175,228000
176,229000
176,230000
177,231000
177,232000
178,233000
179,234000
175,235000
176,236000
177,237000
176,238000
177,239000
178,240000
179,241000
180,242000
181,243000
182,244000
183,245000
184,246000
185,247000
183,248000
184,249000
181,250000
182,251000
183,252000
184,253000
185,254000
186,255000
186,256000
187,257000
187,258000
188,259000
189,260000
190,261000
191,262000
192,263000
193,264000
194,265000
193,266000
194,267000
195,268000
196,269000
197,270000
198,271000
192,272000
191,273000
192,274000
193,275000
194,276000
195,277000
196,278000
197,279000
198,280000
199,281000
200,282000
201,283000
202,284000
203,285000
204,286000
204,287000
205,288000
206,289000
207,290000
208,291000
205,292000
205,293000
205,294000
206,295000
207,296000
203,297000
204,298000
205,299000
201,300000
202,301000
203,302000
204,303000
205,304000
206,305000
207,306000
208,307000
209,308000
209,309000
210,310000
211,311000
212,312000
212,313000
213,314000
214,315000
215,316000
216,317000
213,318000
214,319000
215,320000
216,321000
216,322000
217,323000
218,324000
219,325000
220,326000
221,327000
222,328000
223,329000
224,330000
225,331000
226,332000
227,333000
228,334000
229,335000
230,336000
227,337000
228,338000
229,339000
230,340000
231,341000
232,342000
233,343000
233,344000
234,345000
235,346000
236,347000
237,348000
237,349000
238,350000
239,351000
239,352000
240,353000
241,354000
242,355000
241,356000
242,357000
243,358000
244,359000
245,360000
246,361000
247,362000
248,363000
249,364000
250,365000
251,366000
252,367000
253,368000
254,369000
255,370000
256,371000
257,372000
258,373000
258,374000
259,375000
260,376000
261,377000
262,378000
263,379000
264,380000
265,381000
265,382000
266,383000
267,384000
268,385000
268,386000
269,387000
270,388000
271,389000
272,390000
273,391000
274,392000
275,393000
276,394000
276,395000
277,396000
278,397000
279,398000
279,399000
280,400000
281,401000
282,402000
283,403000
273,404000
272,405000
273,406000
274,407000
275,408000
276,409000
277,410000
278,411000
279,412000
280,413000
281,414000
274,415000
274,416000
272,417000
273,418000
274,419000
275,420000
276,421000
277,422000
278,423000
279,424000
280,425000
281,426000
282,427000
283,428000
284,429000
284,430000
285,431000
286,432000
287,433000
288,434000
289,435000
252,436000
253,437000
254,438000
255,439000
256,440000
225,441000
226,442000
227,443000
228,444000
229,445000
230,446000
231,447000
232,448000
233,449000
234,450000
235,451000
236,452000
237,453000
238,454000
239,455000
240,456000
241,457000
242,458000
243,459000
244,460000
245,461000
246,462000
247,463000
248,464000
249,465000
250,466000
251,467000
252,468000
253,469000
254,470000
251,471000
252,472000
253,473000
254,474000
255,475000
256,476000
256,477000
256,478000
257,479000
257,480000
258,481000
257,482000
258,483000
249,484000
250,485000
251,486000
252,487000
253,488000
254,489000
255,490000
256,491000
256,492000
256,493000
257,494000
250,495000
251,496000
243,497000
243,498000
244,499000
243,500000
243,501000
243,502000
244,503000
245,504000
246,505000
247,506000
245,507000
230,508000
231,509000
232,510000
233,511000
217,512000
218,513000
219,514000
216,515000
217,516000
218,517000
203,518000
204,519000
205,520000
206,521000
207,522000
208,523000
207,524000
208,525000
208,526000
209,527000
210,528000
211,529000
212,530000
213,531000
214,532000
215,533000
215,534000
216,535000
217,536000
218,537000
219,538000
220,539000
221,540000
222,541000
223,542000
224,543000
224,544000
225,545000
221,546000
220,547000
221,548000
222,549000
222,550000
222,551000
223,552000
224,553000
225,554000
226,555000
227,556000
221,557000
222,558000
223,559000
224,560000
225,561000
226,562000
227,563000
228,564000
229,565000
230,566000
231,567000
232,568000
233,569000
234,570000
235,571000
236,572000
237,573000
238,574000
238,575000
239,576000
240,577000
241,578000
242,579000
243,580000
244,581000
245,582000
243,583000
244,584000
233,585000
234,586000
235,587000
236,588000
237,589000
238,590000
235,591000
236,592000
237,593000
237,594000
238,595000
239,596000
240,597000
241,598000
242,599000
243,600000
244,601000
244,602000
245,603000
246,604000
247,605000
248,606000
249,607000
250,608000
251,609000
252,610000
253,611000
254,612000
255,613000
256,614000
257,615000
258,616000
255,617000
256,618000
257,619000
257,620000
258,621000
257,622000
258,623000
259,624000
260,625000
261,626000
262,627000
263,628000
264,629000
265,630000
264,631000
265,632000
266,633000
267,634000
268,635000
269,636000
270,637000
269,638000
270,639000
271,640000
272,641000
272,642000
273,643000
274,644000
275,645000
276,646000
277,647000
278,648000
279,649000
280,650000
278,651000
279,652000
280,653000
280,654000
281,655000
282,656000
283,657000
284,658000
285,659000
264,660000
265,661000
266,662000
266,663000
266,664000
267,665000
268,666000
269,667000
269,668000
270,669000
271,670000
272,671000
273,672000
273,673000
274,674000
274,675000
275,676000
276,677000
277,678000
277,679000
278,680000
279,681000
280,682000
281,683000
282,684000
283,685000
283,686000
284,687000
285,688000
286,689000
287,690000
288,691000
289,692000
290,693000
291,694000
292,695000
293,696000
287,697000
288,698000
289,699000
289,700000
290,701000
290,702000
289,703000
289,704000
290,705000
291,706000
292,707000
290,708000
290,709000
288,710000
289,711000
290,712000
291,713000
291,714000
292,715000
293,716000
294,717000
295,718000
296,719000
297,720000
298,721000
299,722000
300,723000
301,724000
302,725000
303,726000
304,727000
303,728000
304,729000
304,730000
305,731000
306,732000
307,733000
303,734000
304,735000
305,736000
306,737000
298,738000
299,739000
300,740000
288,741000
289,742000
290,743000
291,744000
292,745000
293,746000
294,747000
295,748000
296,749000
297,750000
298,751000
298,752000
299,753000
298,754000
299,755000
300,756000
301,757000
302,758000
303,759000
304,760000
304,761000
303,762000
304,763000
284,764000
285,765000
286,766000
287,767000
278,768000
279,769000
280,770000
281,771000
282,772000
282,773000
283,774000
231,775000
232,776000
232,777000
233,778000
234,779000
235,780000
234,781000
235,782000
233,783000
234,784000
231,785000
232,786000
233,787000
231,788000
232,789000
233,790000
234,791000
234,792000
235,793000
236,794000
217,795000
196,796000
194,797000
195,798000
196,799000
197,800000
196,801000
197,802000
198,803000
199,804000
200,805000
201,806000
202,807000
203,808000
204,809000
205,810000
206,811000
207,812000
208,813000
209,814000
210,815000
211,816000
212,817000
213,818000
214,819000
215,820000
216,821000
217,822000
218,823000
219,824000
217,825000
218,826000
219,827000
219,828000
220,829000
221,830000
221,831000
222,832000
223,833000
224,834000
225,835000
224,836000
225,837000
225,838000
226,839000
227,840000
228,841000
229,842000
230,843000
231,844000
232,845000
233,846000
234,847000
235,848000
236,849000
237,850000
238,851000
239,852000
240,853000
235,854000
236,855000
237,856000
238,857000
239,858000
240,859000
240,860000
235,861000
234,862000
235,863000
236,864000
237,865000
238,866000
239,867000
240,868000
241,869000
242,870000
243,871000
244,872000
245,873000
246,874000
244,875000
245,876000
244,877000
245,878000
246,879000
247,880000
248,881000
249,882000
250,883000
251,884000
252,885000
253,886000
254,887000
255,888000
256,889000
257,890000
258,891000
259,892000
260,893000
261,894000
261,895000
262,896000
263,897000
264,898000
265,899000
266,900000
266,901000
267,902000
268,903000
269,904000
270,905000
271,906000
270,907000
270,908000
271,909000
272,910000
273,911000
274,912000
275,913000
275,914000
276,915000
275,916000
276,917000
277,918000
278,919000
279,920000
279,921000
280,922000
281,923000
282,924000
283,925000
284,926000
285,927000
285,928000
286,929000
287,930000
288,931000
288,932000
288,933000
279,934000
280,935000
281,936000
282,937000
280,938000
281,939000
282,940000
282,941000
283,942000
284,943000
284,944000
285,945000
286,946000
287,947000
288,948000
289,949000
289,950000
290,951000
291,952000
292,953000
293,954000
294,955000
295,956000
296,957000
297,958000
298,959000
299,960000
300,961000
301,962000
302,963000
303,964000
304,965000
305,966000
306,967000
307,968000
307,969000
307,970000
308,971000
308,972000
308,973000
308,974000
309,975000
310,976000
310,977000
311,978000
312,979000
313,980000
310,981000
311,982000
312,983000
313,984000
314,985000
315,986000
316,987000
317,988000
318,989000
319,990000
320,991000
317,992000
318,993000
319,994000
320,995000
321,996000
322,997000
323,998000
324,999000
325,1000000
325,1001000
326,1002000
327,1003000
328,1004000
328,1005000
328,1006000
329,1007000
330,1008000
331,1009000
332,1010000
333,1011000
334,1012000
335,1013000
336,1014000
337,1015000
338,1016000
339,1017000
340,1018000
339,1019000
340,1020000
341,1021000
342,1022000
283,1023000
284,1024000
285,1025000
286,1026000
287,1027000
288,1028000
289,1029000
290,1030000
291,1031000
292,1032000
293,1033000
294,1034000
295,1035000
286,1036000
287,1037000
288,1038000
287,1039000
288,1040000
281,1041000
281,1042000
282,1043000
282,1044000
283,1045000
284,1046000
285,1047000
286,1048000
284,1049000
285,1050000
286,1051000
287,1052000
288,1053000
289,1054000
290,1055000
291,1056000
283,1057000
284,1058000
284,1059000
285,1060000
286,1061000
287,1062000
288,1063000
289,1064000
290,1065000
289,1066000
290,1067000
291,1068000
292,1069000
293,1070000
294,1071000
295,1072000
296,1073000
297,1074000
298,1075000
299,1076000
300,1077000
301,1078000
302,1079000
303,1080000
304,1081000
302,1082000
303,1083000
303,1084000
303,1085000
282,1086000
283,1087000
282,1088000
283,1089000
284,1090000
285,1091000
286,1092000
287,1093000
288,1094000
289,1095000
290,1096000
291,1097000
292,1098000
293,1099000
294,1100000
218,1101000
219,1102000
220,1103000
221,1104000
222,1105000
223,1106000
224,1107000
224,1108000
225,1109000
226,1110000
225,1111000
226,1112000
222,1113000
223,1114000
224,1115000
225,1116000
226,1117000
225,1118000
226,1119000
227,1120000
228,1121000
229,1122000
227,1123000
228,1124000
228,1125000
229,1126000
230,1127000
219,1128000
220,1129000
221,1130000
222,1131000
223,1132000
224,1133000
224,1134000
225,1135000
226,1136000
227,1137000
228,1138000
229,1139000
230,1140000
231,1141000
232,1142000
233,1143000
234,1144000
235,1145000
234,1146000
235,1147000
232,1148000
233,1149000
234,1150000
235,1151000
236,1152000
236,1153000
236,1154000
237,1155000
238,1156000
239,1157000
240,1158000
241,1159000
242,1160000
243,1161000
244,1162000
245,1163000
246,1164000
247,1165000
248,1166000
249,1167000
250,1168000
251,1169000
251,1170000
251,1171000
251,1172000
252,1173000
253,1174000
253,1175000
253,1176000
254,1177000
255,1178000
256,1179000
256,1180000
256,1181000
257,1182000
258,1183000
259,1184000
260,1185000
261,1186000
258,1187000
259,1188000
260,1189000
261,1190000
262,1191000
263,1192000
264,1193000
265,1194000
266,1195000
267,1196000
268,1197000
269,1198000
257,1199000
257,1200000
258,1201000
258,1202000
259,1203000
260,1204000
261,1205000
262,1206000
262,1207000
263,1208000
264,1209000
265,1210000
266,1211000
266,1212000
265,1213000
266,1214000
267,1215000
268,1216000
269,1217000
270,1218000
271,1219000
271,1220000
272,1221000
264,1222000
265,1223000
266,1224000
267,1225000
268,1226000
269,1227000
270,1228000
271,1229000
272,1230000
273,1231000
274,1232000
275,1233000
276,1234000
277,1235000
278,1236000
279,1237000
278,1238000
279,1239000
277,1240000
278,1241000
279,1242000
280,1243000
280,1244000
281,1245000
282,1246000
283,1247000
283,1248000
284,1249000
285,1250000
286,1251000
285,1252000
286,1253000
287,1254000
288,1255000
289,1256000
290,1257000
291,1258000
292,1259000
293,1260000
294,1261000
295,1262000
296,1263000
297,1264000
298,1265000
294,1266000
295,1267000
296,1268000
296,1269000
297,1270000
298,1271000
299,1272000
300,1273000
301,1274000
302,1275000
303,1276000
304,1277000
305,1278000
306,1279000
307,1280000
308,1281000
308,1282000
309,1283000
310,1284000
308,1285000
309,1286000
308,1287000
309,1288000
307,1289000
306,1290000
306,1291000
307,1292000
298,1293000
299,1294000
300,1295000
301,1296000
302,1297000
303,1298000
304,1299000
305,1300000
306,1301000
307,1302000
308,1303000
309,1304000
310,1305000
311,1306000
312,1307000
295,1308000
296,1309000
297,1310000
298,1311000
299,1312000
300,1313000
300,1314000
301,1315000
302,1316000
303,1317000
304,1318000
302,1319000
302,1320000
303,1321000
304,1322000
305,1323000
290,1324000
291,1325000
292,1326000
293,1327000
293,1328000
294,1329000
295,1330000
294,1331000
295,1332000
296,1333000
297,1334000
298,1335000
299,1336000
300,1337000
299,1338000
300,1339000
300,1340000
300,1341000
301,1342000
302,1343000
303,1344000
304,1345000
305,1346000
305,1347000
306,1348000
307,1349000
306,1350000
307,1351000
307,1352000
307,1353000
308,1354000
309,1355000
310,1356000
311,1357000
312,1358000
313,1359000
314,1360000
315,1361000
315,1362000
316,1363000
317,1364000
317,1365000
317,1366000
318,1367000
319,1368000
320,1369000
318,1370000
319,1371000
320,1372000
321,1373000
321,1374000
322,1375000
323,1376000
324,1377000
325,1378000
326,1379000
327,1380000
327,1381000
328,1382000
326,1383000
327,1384000
328,1385000
329,1386000
330,1387000
331,1388000
332,1389000
333,1390000
333,1391000
334,1392000
335,1393000
336,1394000
337,1395000
338,1396000
339,1397000
340,1398000
341,1399000
342,1400000
343,1401000
344,1402000
345,1403000
346,1404000
347,1405000
348,1406000
349,1407000
350,1408000
351,1409000
352,1410000
352,1411000
353,1412000
354,1413000
354,1414000
355,1415000
356,1416000
357,1417000
357,1418000
355,1419000
356,1420000
357,1421000
358,1422000
359,1423000
359,1424000
360,1425000
361,1426000
362,1427000
362,1428000
362,1429000
363,1430000
362,1431000
358,1432000
359,1433000
360,1434000
361,1435000
362,1436000
363,1437000
364,1438000
365,1439000
365,1440000
366,1441000
367,1442000
368,1443000
367,1444000
368,1445000
369,1446000
367,1447000
368,1448000
369,1449000
370,1450000
371,1451000
372,1452000
372,1453000
373,1454000
374,1455000
375,1456000
376,1457000
309,1458000
310,1459000
311,1460000
312,1461000
313,1462000
314,1463000
315,1464000
316,1465000
317,1466000
318,1467000
319,1468000
320,1469000
321,1470000
322,1471000
320,1472000
321,1473000
322,1474000
323,1475000
324,1476000
325,1477000
325,1478000
326,1479000
326,1480000
327,1481000
328,1482000
329,1483000
330,1484000
329,1485000
328,1486000
329,1487000
330,1488000
331,1489000
332,1490000
333,1491000
334,1492000
335,1493000
336,1494000
337,1495000
338,1496000
337,1497000
338,1498000
339,1499000
339,1500000
339,1501000
340,1502000
341,1503000
342,1504000
343,1505000
343,1506000
338,1507000
339,1508000
340,1509000
341,1510000
342,1511000
343,1512000
344,1513000
345,1514000
346,1515000
347,1516000
348,1517000
349,1518000
343,1519000
344,1520000
345,1521000
344,1522000
345,1523000
346,1524000
346,1525000
347,1526000
348,1527000
348,1528000
349,1529000
348,1530000
349,1531000
350,1532000
351,1533000
352,1534000
352,1535000
278,1536000
279,1537000
276,1538000
277,1539000
278,1540000
279,1541000
280,1542000
272,1543000
273,1544000
274,1545000
275,1546000
276,1547000
277,1548000
278,1549000
279,1550000
280,1551000
281,1552000
281,1553000
277,1554000
278,1555000
279,1556000
279,1557000
280,1558000
281,1559000
282,1560000
280,1561000
281,1562000
282,1563000
283,1564000
284,1565000
283,1566000
280,1567000
281,1568000
282,1569000
283,1570000
284,1571000
285,1572000
237,1573000
238,1574000
239,1575000
240,1576000
241,1577000
242,1578000
243,1579000
243,1580000
243,1581000
244,1582000
245,1583000
245,1584000
246,1585000
247,1586000
248,1587000
249,1588000
249,1589000
250,1590000
249,1591000
250,1592000
251,1593000
252,1594000
253,1595000
251,1596000
252,1597000
252,1598000
253,1599000
254,1600000
255,1601000
256,1602000
256,1603000
257,1604000
253,1605000
253,1606000
254,1607000
255,1608000
256,1609000
257,1610000
258,1611000
259,1612000
260,1613000
259,1614000
260,1615000
261,1616000
262,1617000
263,1618000
264,1619000
265,1620000
266,1621000
267,1622000
268,1623000
269,1624000
270,1625000
271,1626000
272,1627000
273,1628000
274,1629000
275,1630000
276,1631000
277,1632000
278,1633000
279,1634000
280,1635000
280,1636000
281,1637000
282,1638000
283,1639000
284,1640000
285,1641000
286,1642000
286,1643000
287,1644000
288,1645000
289,1646000
290,1647000
255,1648000
256,1649000
256,1650000
257,1651000
258,1652000
259,1653000
260,1654000
261,1655000
262,1656000
263,1657000
264,1658000
265,1659000
265,1660000
266,1661000
267,1662000
268,1663000
269,1664000
270,1665000
271,1666000
272,1667000
273,1668000
274,1669000
275,1670000
276,1671000
277,1672000
278,1673000
279,1674000
280,1675000
279,1676000
280,1677000
281,1678000
282,1679000
282,1680000
282,1681000
283,1682000
283,1683000
281,1684000
282,1685000
283,1686000
236,1687000
237,1688000
238,1689000
239,1690000
240,1691000
240,1692000
241,1693000
242,1694000
243,1695000
244,1696000
245,1697000
246,1698000
247,1699000
248,1700000
249,1701000
250,1702000
251,1703000
252,1704000
251,1705000
252,1706000
253,1707000
253,1708000
254,1709000
255,1710000
256,1711000
257,1712000
258,1713000
259,1714000
260,1715000
261,1716000
262,1717000
263,1718000
263,1719000
264,1720000
265,1721000
265,1722000
263,1723000
264,1724000
265,1725000
266,1726000
267,1727000
268,1728000
269,1729000
270,1730000
271,1731000
272,1732000
273,1733000
273,1734000
274,1735000
274,1736000
275,1737000
276,1738000
276,1739000
277,1740000
278,1741000
279,1742000
279,1743000
280,1744000
280,1745000
281,1746000
282,1747000
280,1748000
281,1749000
282,1750000
283,1751000
283,1752000
282,1753000
283,1754000
284,1755000
285,1756000
286,1757000
287,1758000
288,1759000
289,1760000
290,1761000
291,1762000
292,1763000
293,1764000
294,1765000
295,1766000
294,1767000
295,1768000
296,1769000
297,1770000
298,1771000
299,1772000
300,1773000
301,1774000
302,1775000
301,1776000
302,1777000
303,1778000
304,1779000
301,1780000
302,1781000
303,1782000
304,1783000
305,1784000
306,1785000
307,1786000
308,1787000
306,1788000
306,1789000
307,1790000
308,1791000
309,1792000
310,1793000
311,1794000
312,1795000
313,1796000
314,1797000
315,1798000
316,1799000
317,1800000
310,1801000
311,1802000
311,1803000
312,1804000
302,1805000
302,1806000
303,1807000
304,1808000
305,1809000
306,1810000
307,1811000
308,1812000
306,1813000
307,1814000
247,1815000
248,1816000
249,1817000
250,1818000
251,1819000
252,1820000
253,1821000
254,1822000
244,1823000
245,1824000
246,1825000
247,1826000
246,1827000
247,1828000
248,1829000
249,1830000
250,1831000
251,1832000
252,1833000
253,1834000
254,1835000
255,1836000
255,1837000
255,1838000
256,1839000
257,1840000
258,1841000
259,1842000
260,1843000
261,1844000
262,1845000
263,1846000
264,1847000
265,1848000
266,1849000
267,1850000
268,1851000
269,1852000
270,1853000
271,1854000
272,1855000
273,1856000
274,1857000
269,1858000
270,1859000
271,1860000
272,1861000
273,1862000
274,1863000
275,1864000
276,1865000
276,1866000
277,1867000
278,1868000
279,1869000
280,1870000
281,1871000
282,1872000
283,1873000
284,1874000
285,1875000
286,1876000
287,1877000
288,1878000
289,1879000
288,1880000
289,1881000
290,1882000
290,1883000
291,1884000
292,1885000
293,1886000
294,1887000
295,1888000
296,1889000
297,1890000
298,1891000
299,1892000
300,1893000
301,1894000
302,1895000
303,1896000
304,1897000
305,1898000
305,1899000
306,1900000
302,1901000
303,1902000
304,1903000
305,1904000
306,1905000
307,1906000
308,1907000
309,1908000
310,1909000
311,1910000
312,1911000
313,1912000
314,1913000
313,1914000
314,1915000
315,1916000
316,1917000
317,1918000
318,1919000
318,1920000
319,1921000
320,1922000
321,1923000
322,1924000
323,1925000
324,1926000
325,1927000
326,1928000
327,1929000
328,1930000
329,1931000
330,1932000
331,1933000
332,1934000
333,1935000
334,1936000
335,1937000
333,1938000
334,1939000
335,1940000
335,1941000
335,1942000
336,1943000
279,1944000
280,1945000
281,1946000
282,1947000
283,1948000
284,1949000
284,1950000
285,1951000
285,1952000
286,1953000
287,1954000
288,1955000
289,1956000
290,1957000
291,1958000
292,1959000
293,1960000
294,1961000
295,1962000
296,1963000
297,1964000
298,1965000
299,1966000
300,1967000
301,1968000
302,1969000
302,1970000
303,1971000
289,1972000
290,1973000
291,1974000
292,1975000
293,1976000
294,1977000
295,1978000
296,1979000
296,1980000
297,1981000
297,1982000
298,1983000
299,1984000
300,1985000
301,1986000
302,1987000
303,1988000
304,1989000
305,1990000
306,1991000
307,1992000
308,1993000
309,1994000
310,1995000
311,1996000
309,1997000
310,1998000
311,1999000
312,2000000
313,2001000
314,2002000
315,2003000
316,2004000
315,2005000
316,2006000
317,2007000
318,2008000
319,2009000
320,2010000
321,2011000
322,2012000
321,2013000
321,2014000
322,2015000
319,2016000
320,2017000
321,2018000
322,2019000
323,2020000
324,2021000
325,2022000
326,2023000
327,2024000
328,2025000
328,2026000
329,2027000
321,2028000
322,2029000
323,2030000
324,2031000
325,2032000
325,2033000
326,2034000
326,2035000
327,2036000
328,2037000
328,2038000
329,2039000
329,2040000
330,2041000
331,2042000
332,2043000
333,2044000
334,2045000
335,2046000
336,2047000
337,2048000
338,2049000
338,2050000
339,2051000
340,2052000
341,2053000
342,2054000
343,2055000
339,2056000
340,2057000
341,2058000
342,2059000
343,2060000
344,2061000
345,2062000
346,2063000
347,2064000
348,2065000
349,2066000
350,2067000
351,2068000
352,2069000
353,2070000
353,2071000
354,2072000
355,2073000
355,2074000
349,2075000
350,2076000
348,2077000
349,2078000
350,2079000
351,2080000
352,2081000
353,2082000
354,2083000
355,2084000
356,2085000
348,2086000
349,2087000
350,2088000
350,2089000
349,2090000
350,2091000
349,2092000
348,2093000
349,2094000
349,2095000
350,2096000
351,2097000
352,2098000
353,2099000
354,2100000
355,2101000
356,2102000
314,2103000
315,2104000
316,2105000
317,2106000
318,2107000
319,2108000
320,2109000
321,2110000
322,2111000
322,2112000
323,2113000
324,2114000
325,2115000
326,2116000
327,2117000
327,2118000
328,2119000
329,2120000
330,2121000
331,2122000
332,2123000
333,2124000
334,2125000
331,2126000
332,2127000
333,2128000
334,2129000
335,2130000
336,2131000
336,2132000
337,2133000
338,2134000
338,2135000
339,2136000
340,2137000
341,2138000
342,2139000
343,2140000
344,2141000
345,2142000
345,2143000
345,2144000
346,2145000
347,2146000
348,2147000
349,2148000
350,2149000
351,2150000
352,2151000
352,2152000
345,2153000
346,2154000
347,2155000
348,2156000
349,2157000
345,2158000
345,2159000
334,2160000
335,2161000
327,2162000
328,2163000
329,2164000
330,2165000
330,2166000
331,2167000
322,2168000
323,2169000
323,2170000
324,2171000
325,2172000
326,2173000
327,2174000
328,2175000
329,2176000
328,2177000
328,2178000
329,2179000
330,2180000
331,2181000
327,2182000
328,2183000
329,2184000
330,2185000
331,2186000
332,2187000
333,2188000
334,2189000
335,2190000
334,2191000
334,2192000
334,2193000
335,2194000
336,2195000
337,2196000
337,2197000
338,2198000
339,2199000
340,2200000
341,2201000
342,2202000
343,2203000
344,2204000
345,2205000
346,2206000
347,2207000
348,2208000
349,2209000
349,2210000
349,2211000
350,2212000
351,2213000
352,2214000
353,2215000
354,2216000
355,2217000
356,2218000
356,2219000
356,2220000
357,2221000
358,2222000
359,2223000
359,2224000
360,2225000
361,2226000
362,2227000
363,2228000
362,2229000
363,2230000
364,2231000
365,2232000
366,2233000
365,2234000
366,2235000
367,2236000
368,2237000
369,2238000
369,2239000
370,2240000
370,2241000
371,2242000
372,2243000
373,2244000
373,2245000
374,2246000
375,2247000
340,2248000
341,2249000
339,2250000
340,2251000
341,2252000
342,2253000
343,2254000
344,2255000
345,2256000
346,2257000
347,2258000
348,2259000
349,2260000
350,2261000
351,2262000
352,2263000
353,2264000
354,2265000
355,2266000
356,2267000
357,2268000
358,2269000
356,2270000
357,2271000
358,2272000
359,2273000
360,2274000
361,2275000
362,2276000
363,2277000
364,2278000
364,2279000
365,2280000
366,2281000
366,2282000
367,2283000
367,2284000
368,2285000
369,2286000
368,2287000
368,2288000
369,2289000
370,2290000
368,2291000
369,2292000
370,2293000
371,2294000
371,2295000
372,2296000
373,2297000
371,2298000
372,2299000
373,2300000
374,2301000
375,2302000
374,2303000
375,2304000
376,2305000
375,2306000
376,2307000
375,2308000
376,2309000
377,2310000
353,2311000
354,2312000
355,2313000
356,2314000
355,2315000
356,2316000
347,2317000
348,2318000
348,2319000
347,2320000
348,2321000
349,2322000
350,2323000
351,2324000
351,2325000
352,2326000
353,2327000
354,2328000
354,2329000
355,2330000
356,2331000
357,2332000
358,2333000
357,2334000
358,2335000
359,2336000
360,2337000
361,2338000
362,2339000
363,2340000
363,2341000
364,2342000
360,2343000
361,2344000
362,2345000
362,2346000
363,2347000
363,2348000
364,2349000
364,2350000
361,2351000
362,2352000
363,2353000
361,2354000
361,2355000
358,2356000
359,2357000
358,2358000
359,2359000
360,2360000
361,2361000
362,2362000
343,2363000
344,2364000
345,2365000
346,2366000
347,2367000
348,2368000
348,2369000
349,2370000
350,2371000
351,2372000
352,2373000
353,2374000
354,2375000
328,2376000
325,2377000
325,2378000
326,2379000
322,2380000
323,2381000
324,2382000
325,2383000
326,2384000
327,2385000
328,2386000
329,2387000
330,2388000
331,2389000
332,2390000
332,2391000
333,2392000
334,2393000
334,2394000
334,2395000
335,2396000
333,2397000
334,2398000
335,2399000
336,2400000
337,2401000
338,2402000
339,2403000
326,2404000
327,2405000
328,2406000
319,2407000
320,2408000
320,2409000
321,2410000
322,2411000
322,2412000
323,2413000
324,2414000
325,2415000
326,2416000
327,2417000
328,2418000
324,2419000
325,2420000
304,2421000
305,2422000
306,2423000
307,2424000
308,2425000
309,2426000
310,2427000
311,2428000
312,2429000
313,2430000
313,2431000
314,2432000
315,2433000
316,2434000
317,2435000
318,2436000
319,2437000
320,2438000
314,2439000
315,2440000
316,2441000
316,2442000
317,2443000
317,2444000
317,2445000
318,2446000
318,2447000
319,2448000
320,2449000
319,2450000
320,2451000
321,2452000
322,2453000
322,2454000
323,2455000
324,2456000
325,2457000
326,2458000
327,2459000
328,2460000
329,2461000
330,2462000
316,2463000
317,2464000
318,2465000
319,2466000
320,2467000
320,2468000
321,2469000
322,2470000
321,2471000
322,2472000
323,2473000
324,2474000
325,2475000
326,2476000
327,2477000
328,2478000
329,2479000
330,2480000
331,2481000
332,2482000
333,2483000
334,2484000
334,2485000
335,2486000
336,2487000
337,2488000
338,2489000
339,2490000
340,2491000
341,2492000
341,2493000
342,2494000
343,2495000
344,2496000
344,2497000
345,2498000
346,2499000
345,2500000
346,2501000
346,2502000
347,2503000
345,2504000
346,2505000
347,2506000
348,2507000
349,2508000
350,2509000
350,2510000
351,2511000
352,2512000
353,2513000
354,2514000
355,2515000
355,2516000
355,2517000
356,2518000
357,2519000
358,2520000
358,2521000
359,2522000
360,2523000
360,2524000
361,2525000
362,2526000
363,2527000
364,2528000
365,2529000
366,2530000
366,2531000
366,2532000
367,2533000
368,2534000
356,2535000
357,2536000
358,2537000
345,2538000
346,2539000
343,2540000
344,2541000
345,2542000
346,2543000
346,2544000
347,2545000
348,2546000
349,2547000
350,2548000
351,2549000
352,2550000
352,2551000
353,2552000
353,2553000
354,2554000
355,2555000
356,2556000
357,2557000
358,2558000
358,2559000
358,2560000
359,2561000
360,2562000
361,2563000
360,2564000
361,2565000
362,2566000
363,2567000
364,2568000
365,2569000
366,2570000
367,2571000
367,2572000
368,2573000
369,2574000
332,2575000
327,2576000
328,2577000
326,2578000
327,2579000
328,2580000
324,2581000
325,2582000
326,2583000
327,2584000
328,2585000
329,2586000
330,2587000
330,2588000
331,2589000
332,2590000
333,2591000
334,2592000
335,2593000
336,2594000
337,2595000
338,2596000
339,2597000
339,2598000
340,2599000
341,2600000
342,2601000
343,2602000
344,2603000
345,2604000
346,2605000
347,2606000
348,2607000
349,2608000
350,2609000
351,2610000
352,2611000
353,2612000
342,2613000
343,2614000
344,2615000
345,2616000
345,2617000
346,2618000
347,2619000
348,2620000
349,2621000
350,2622000
351,2623000
352,2624000
353,2625000
354,2626000
355,2627000
356,2628000
357,2629000
358,2630000
359,2631000
360,2632000
291,2633000
291,2634000
292,2635000
293,2636000
294,2637000
292,2638000
293,2639000
294,2640000
295,2641000
296,2642000
297,2643000
297,2644000
298,2645000
299,2646000
299,2647000
300,2648000
300,2649000
299,2650000
300,2651000
301,2652000
302,2653000
303,2654000
304,2655000
304,2656000
305,2657000
302,2658000
302,2659000
303,2660000
304,2661000
305,2662000
306,2663000
307,2664000
308,2665000
309,2666000
306,2667000
307,2668000
308,2669000
309,2670000
309,2671000
291,2672000
292,2673000
290,2674000
291,2675000
292,2676000
243,2677000
244,2678000
245,2679000
246,2680000
247,2681000
248,2682000
249,2683000
250,2684000
251,2685000
252,2686000
253,2687000
253,2688000
254,2689000
255,2690000
255,2691000
256,2692000
257,2693000
258,2694000
259,2695000
260,2696000
247,2697000
248,2698000
246,2699000
247,2700000
248,2701000
236,2702000
234,2703000
235,2704000
236,2705000
237,2706000
238,2707000
239,2708000
240,2709000
241,2710000
242,2711000
241,2712000
242,2713000
239,2714000
240,2715000
241,2716000
242,2717000
243,2718000
244,2719000
245,2720000
243,2721000
244,2722000
241,2723000
242,2724000
243,2725000
244,2726000
233,2727000
234,2728000
235,2729000
236,2730000
237,2731000
238,2732000
239,2733000
239,2734000
239,2735000
240,2736000
241,2737000
242,2738000
243,2739000
244,2740000
245,2741000
246,2742000
247,2743000
248,2744000
249,2745000
249,2746000
250,2747000
251,2748000
252,2749000
183,2750000
184,2751000
185,2752000
186,2753000
187,2754000
188,2755000
186,2756000
187,2757000
188,2758000
189,2759000
190,2760000
191,2761000
190,2762000
191,2763000
192,2764000
193,2765000
191,2766000
192,2767000
193,2768000
194,2769000
195,2770000
195,2771000
196,2772000
197,2773000
198,2774000
199,2775000
200,2776000
201,2777000
202,2778000
203,2779000
204,2780000
205,2781000
206,2782000
207,2783000
207,2784000
200,2785000
201,2786000
202,2787000
203,2788000
204,2789000
205,2790000
206,2791000
207,2792000
208,2793000
209,2794000
210,2795000
211,2796000
204,2797000
205,2798000
181,2799000
182,2800000
181,2801000
182,2802000
183,2803000
184,2804000
185,2805000
186,2806000
187,2807000
188,2808000
189,2809000
190,2810000
191,2811000
192,2812000
193,2813000
194,2814000
195,2815000
171,2816000
172,2817000
173,2818000
174,2819000
175,2820000
176,2821000
177,2822000
177,2823000
178,2824000
179,2825000
180,2826000
181,2827000
182,2828000
183,2829000
184,2830000
185,2831000
179,2832000
180,2833000
181,2834000
182,2835000
183,2836000
184,2837000
185,2838000
186,2839000
187,2840000
188,2841000
189,2842000
190,2843000
184,2844000
185,2845000
186,2846000
187,2847000
188,2848000
189,2849000
190,2850000
191,2851000
192,2852000
193,2853000
194,2854000
195,2855000
196,2856000
197,2857000
197,2858000
198,2859000
196,2860000
156,2861000
157,2862000
158,2863000
159,2864000
160,2865000
161,2866000
162,2867000
163,2868000
164,2869000
165,2870000
166,2871000
167,2872000
168,2873000
169,2874000
160,2875000
161,2876000
162,2877000
163,2878000
164,2879000
165,2880000
166,2881000
167,2882000
168,2883000
169,2884000
166,2885000
167,2886000
168,2887000
169,2888000
170,2889000
171,2890000
172,2891000
173,2892000
174,2893000
175,2894000
176,2895000
177,2896000
178,2897000
179,2898000
179,2899000
179,2900000
180,2901000
179,2902000
180,2903000
180,2904000
181,2905000
182,2906000
183,2907000
184,2908000
184,2909000
185,2910000
186,2911000
187,2912000
188,2913000
189,2914000
190,2915000
191,2916000
192,2917000
193,2918000
194,2919000
195,2920000
196,2921000
197,2922000
198,2923000
199,2924000
200,2925000
201,2926000
202,2927000
203,2928000
204,2929000
205,2930000
206,2931000
207,2932000
208,2933000
208,2934000
209,2935000
209,2936000
210,2937000
208,2938000
209,2939000
210,2940000
211,2941000
212,2942000
213,2943000
214,2944000
215,2945000
216,2946000
217,2947000
218,2948000
219,2949000
220,2950000
221,2951000
222,2952000
223,2953000
224,2954000
224,2955000
225,2956000
226,2957000
227,2958000
228,2959000
229,2960000
230,2961000
231,2962000
232,2963000
233,2964000
234,2965000
235,2966000
236,2967000
236,2968000
237,2969000
238,2970000
239,2971000
239,2972000
220,2973000
221,2974000
222,2975000
223,2976000
224,2977000
225,2978000
226,2979000
227,2980000
227,2981000
228,2982000
229,2983000
230,2984000
231,2985000
232,2986000
233,2987000
234,2988000
235,2989000
236,2990000
237,2991000
238,2992000
239,2993000
240,2994000
240,2995000
241,2996000
242,2997000
243,2998000
244,2999000
245,3000000
245,3001000
244,3002000
245,3003000
246,3004000
247,3005000
246,3006000
246,3007000
246,3008000
247,3009000
247,3010000
244,3011000
245,3012000
246,3013000
247,3014000
248,3015000
248,3016000
245,3017000
245,3018000
245,3019000
195,3020000
196,3021000
197,3022000
197,3023000
197,3024000
198,3025000
199,3026000
200,3027000
201,3028000
202,3029000
203,3030000
204,3031000
205,3032000
206,3033000
207,3034000
208,3035000
207,3036000
207,3037000
208,3038000
209,3039000
209,3040000
210,3041000
210,3042000
210,3043000
211,3044000
212,3045000
212,3046000
213,3047000
211,3048000
212,3049000
213,3050000
214,3051000
215,3052000
216,3053000
216,3054000
217,3055000
218,3056000
219,3057000
220,3058000
221,3059000
222,3060000
223,3061000
224,3062000
225,3063000
226,3064000
227,3065000
228,3066000
224,3067000
225,3068000
226,3069000
227,3070000
228,3071000
229,3072000
229,3073000
228,3074000
229,3075000
230,3076000
231,3077000
232,3078000
233,3079000
234,3080000
235,3081000
231,3082000
232,3083000
233,3084000
234,3085000
234,3086000
235,3087000
232,3088000
233,3089000
234,3090000
235,3091000
236,3092000
237,3093000
238,3094000
239,3095000
240,3096000
241,3097000
242,3098000
243,3099000
244,3100000
240,3101000
241,3102000
242,3103000
243,3104000
244,3105000
245,3106000
245,3107000
246,3108000
247,3109000
248,3110000
248,3111000
249,3112000
250,3113000
251,3114000
252,3115000
253,3116000
254,3117000
255,3118000
256,3119000
257,3120000
258,3121000
259,3122000
260,3123000
255,3124000
256,3125000
257,3126000
258,3127000
259,3128000
260,3129000
261,3130000
253,3131000
254,3132000
255,3133000
256,3134000
256,3135000
257,3136000
257,3137000
258,3138000
259,3139000
260,3140000
225,3141000
226,3142000
227,3143000
222,3144000
223,3145000
224,3146000
213,3147000
214,3148000
215,3149000
216,3150000
217,3151000
218,3152000
218,3153000
219,3154000
218,3155000
217,3156000
218,3157000
219,3158000
217,3159000
218,3160000
219,3161000
220,3162000
221,3163000
222,3164000
222,3165000
214,3166000
215,3167000
216,3168000
208,3169000
209,3170000
210,3171000
211,3172000
212,3173000
213,3174000
214,3175000
215,3176000
216,3177000
216,3178000
209,3179000
210,3180000
211,3181000
212,3182000
213,3183000
214,3184000
215,3185000
216,3186000
217,3187000
216,3188000
217,3189000
218,3190000
219,3191000
216,3192000
217,3193000
218,3194000
219,3195000
220,3196000
221,3197000
222,3198000
223,3199000
224,3200000
224,3201000
224,3202000
225,3203000
226,3204000
227,3205000
228,3206000
229,3207000
230,3208000
230,3209000
231,3210000
232,3211000
233,3212000
234,3213000
233,3214000
234,3215000
176,3216000
177,3217000
178,3218000
179,3219000
180,3220000
180,3221000
176,3222000
177,3223000
178,3224000
179,3225000
180,3226000
181,3227000
182,3228000
183,3229000
184,3230000
185,3231000
186,3232000
187,3233000
180,3234000
181,3235000
182,3236000
183,3237000
184,3238000
185,3239000
186,3240000
187,3241000
187,3242000
