42
11
14
17
52
14
22
12
11
12
16
18
12
12
32
12
14
11
11
29
13
15
11
11
63
12
195
14
15
20
36
16
12
20
14
15
14
14
12
12
17
19
46
12
19
11
11
84
10
17
17
2130
28
11
10
17
91
18
37
25
38
17
15
13
12
16
15
21
17
18
12
25
18
24
21
39
31
14
24
12
12
11
27
11
10
17
22
13
15
11
26
79
43
13
16
14
11
23
68
246
16
12
14
11
13
16
12
10
29
12
44
10
13
17
17
10
1277
24
10
13
28
41
12
27
11
29
153
10
12
18
88
18
29
19
13
13
552
12
15
97
17
151
41
19
10
74
16
13
11
11
11
37
10
29
11
17
12
11
20
12
71
19
36
13
11
28
23
21
15
12
20
22
12
32
39
15
12
33
21
11
27
15
27
16
39
14
13
34
18
11
10
101
14
32
10
14
13
26
11
21
23
30
162
14
11
14
25
15
144
14
39
10
10
12
41
11
62
13
24
18
13
11
13
11
10
12
10
12
11
12
10
25
29
13
12
34
11
14
20
12
16
19
11
11
10
21
20
12
17
17
10
25
28
10
13
14
26
156
15
16
73
28
32
10
19
13
15
17
18
19
38
15
12
14
41
81
14
64
15
10
19
12
44
11
10
34
576
27
18
30
11
12
14
11
11
21
11
13
14
41
17
14
11
43
218
19
17
13
50
81
10
27
10
24
15
11
13
22
23
22
11
13
38
22
65
11
15
10
43
33
12
11
14
20
16
26
129
14
14
12
25
10
21
29
11
10
16
11
18
63
19
18
21
17
16
23
10
12
26
17
41
16
47
30
11
266
15
32
14
51
16
13
12
12
967
12
14
17
22
18
16
13
11
15
21
15
12
13
20
13
832
121
10
14
28
11
16
14
20
29
12
11
18
22
12
12
21
15
23
28
11
11
10
11
13
11
15
16
30
14
17
11
24
11
11
11
41
19
11
34
18
15
11
12
12
10
29
10
20
12
20
19
44
10
13
26
10
10
11
11
14
19
65
11
10
19
24
13
17
11
56
10
15
10
19
10
21
41
32
12
77
11
11
11
10
13
11
11
13
10
40
12
11
27
11
11
16
25
11
122
20
12
80
18
36
14
11
13
10
11
17
24
17
335
31
42
10
11
74
22
17
14
10
16
26
19
27
16
12
25
12
29
12
25
11
48
11
11
16
10
10
14
19
10
230
13
17
12
43
11
16
10
19
34
17
26
13
17
40
70
51
16
12
10
28
11
10
32
11
11
11
21
13
13
12
171
12
35
16
15
15
21
10
24
10
104
16
10
10
26
52
12
17
11
17
21
41
14
46
13
59
44
17
23
22
11
19
52
10
14
85
21
16
587
11
11
11
48
12
14
14
24
14
12
10
10
10
18
15
23
16
18
12
21
28
11
99
32
19
12
26
21
11
17
21
13
11
33
37
12
19
24
34
12
16
11
22
11
21
14
48
33
19
12
16
13
12
17
13
13
11
41
10
35
16
12
12
29
15
10
159
35
16
15
12
27
17
31
22
12
28
10
12
13
141
14
20
12
11
12
14
12
28
10
18
11
20
13
12
37
14
12
421
27
10
14
13
42
21
21
105
11
20
11
49
17
14
29
35
18
12
29
19
15
14
12
15
20
50
15
16
20
22
15
17
12
10
11
12
15
14
11
30
11
24
16
22
29
16
32
11
61
19
31
19
11
17
35
37
16
12
10
18
110
32
12
10
36
13
12
16
33
16
23
10
11
12
12
13
10
19
14
16
16
35
14
10
12
19
13
47
11
27
11
12
16
11
14
45
14
11
13
35
95
12
13
10
14
15
23
16
12
18
17
17
47
25
12
11
15
16
19
24
12
14
11
15
11
23
22
22
36
13
42
16
18
92
20
21
11
13
11
27
18
15
19
30
14
16
17
18
14
12
20
14
13
207
11
12
33
15
16
12
17
25
14
10
24
16
10
12
12
13
10
10
25
85
14
12
22
22
30
21
25
26
30
20
44
16
19
32
14
17
28
19
15
11
42
12
10
12
336
10
21
36
14
12
16
18
15
20
11
24
20
24
21
25
11
21
11
11
17
21
23
15
10
47
23
10
34
12
51
12
12
732
48
15
20
12
10
25
19
11
12
68
13
10
151
14
34
13
11
14
26
12
26
11
17
15
15
15
51
13
19
23
15
17
11
34
10
11
15
43
11
319
10
12
10
27
20
120
49
14
22
13
18
21
14
462
14
16
19
18
22
18
10
18
10
14
39
21
14
14
29
13
47
44
12
18
12
27
19
11
17
19
15
12
30
28
92
13
18
13
11
14
12
11
12
10
11
44
22
12
12
18
24
10
18
12
37
11
10
13
13
23
11
14
17
337
19
10
32
12
10
41
11
13
51
70
19
19
18
17
27
18
22
23
13
11
14
11
10
18
11
15
15
16
27
46
439
43
17
51
69
35
38
37
11
18
30
15
30
27
32
17
21
14
18
16
14
21
11
15
18
12
12
80
11
24
15
14
15
11
13
18
34
10
24
29
13
18
11
23
14
16
11
22
21
21
12
12
11
21
16
12
31
13
11
13
11
33
17
16
22
12
14
11
18
16
19
11
48
12
11
37
15
18
38
11
70
35
10
17
22
20
14
21
202
27
57
17
11
22
159
13
16
33
29
21
14
14
93
15
50
28
12
38
19
16
15
22
34
16
11
14
15
15
14
22
45
10
19
25
12
304
11
11
48
12
39
12
15
21
18
38
10
42
18
11
35
31
38
26
21
28
30
929
26
43
27
12
25
16
17
10
10
17
11
11
16
10
12
11
13
13
13
45
114
25
18
10
13
11
10
12
13
26
16
13
11
11
22
13
20
11
15
14
10
16
29
10
11
17
10
10
10
21
19
39
10
12
13
64
29
18
12
22
29
15
12
13
11
18
14
11
54
13
12
13
12
13
11
19
23
44
12
23
11
11
13
15
14
17
36
12
17
22
16
14
14
29
10
19
14
29
13
21
18
14
93
25
24
37
31
10
42
14
15
10
11
10
26
58
17
25
54
22
10
21
12
27
14
55
12
20
34
11
25
33
27
11
11
29
19
19
16
12
14
22
47
15
18
15
12
38
14
13
11
11
26
11
20
63
18
10
19
13
13
321
22
72
10
13
10
13
11
14
11
29
11
18
12
13
13
12
15
27
11
89
11
15
56
11
20
26
11
15
15
47
18
23
12
39
17
17
38
22
15
15
21
13
12
35
11
14
24
11
16
20
12
11
27
28
13
11
10
18
15
12
25
41
29
16
29
11
10
47
10
11
68
18
17
11
15
34
25
11
11
41
68
18
12
11
10
14
17
13
25
14
14
47
12
11
11
64
13
14
23
15
11
25
11
12
11
21
134
20
14
15
10
12
13
25
15
27
16
19
19
14
35
19
17
123
17
11
11
64
31
55
14
13
18
14
11
38
14
10
19
114
32
10
25
11
11
17
135
10
17
11
42
45
12
16
13
45
23
15
46
13
13
24
11
35
12
17
11
19
62
19
117
13
15
13
10
33
18
11
17
34
12
24
24
12
122
21
12
12
11
14
222
14
14
12
29
14
11
47
52
12
15
19
14
10
14
25
13
25
11
13
47
42
51
19
16
15
11
11
13
12
19
36
88
12
14
11
14
121
38
14
39
33
12
21
73
10
44
23
23
26
10
10
11
13
64
11
53
17
15
57
13
15
14
13
10
37
13
21
12
18
21
41
19
60
48
25
25
11
24
14
12
16
21
10
11
11
11
45
10
19
12
16
17
19
10
10
24
12
10
16
26
13
15
14
18
31
12
19
110
25
11
14
12
15
19
17
13
10
12
18
12
30
127
33
23
20
47
45
24
10
137
14
46
11
10
34
30
11
20
13
12
39
12
166
11
129
76
10
11
13
12
63
19
13
14
13
11
22
10
265
22
16
14
13
23
70
28
18
31
12
13
12
24
13
12
12
37
29
10
20
11
12
11
35
152
52
10
192
20
24
10
29
10
11
25
26
80
14
17
15
10
42
37
14
11
11
25
48
38
11
12
20
15
135
10
41
54
20
15
16
12
13
12
10
15
42
10
12
17
18
27
19
11
11
10
11
38
16
11
19
29
13
13
28
12
51
17
11
18
26
84
11
11
22
28
12
10
19
16
10
11
134
14
25
12
18
28
20
23
11
13
13
14
11
16
13
35
13
23
12
36
20
17
10
14
13
12
21
21
17
29
36
13
19
22
12
14
19
19
60
11
19
14
11
18
11
69
26
23
21
10
23
13
90
15
12
12
35
77
25
43
28
14
11
29
38
12
38
12
13
22
12
48
30
29
12
73
17
119
16
13
10
21
13
13
13
16
30
11
21
12
23
13
21
10
14
14
10
12
21
12
11
95
14
34
22
20
89
10
45
97
11
10
52
21
31
90
10
10
17
17
12
11
16
14
14
17
13
22
21
25
15
14
24
11
24
78
13
11
15
32
14
15
14
11
11
18
25
16
43
27
12
10
27
19
15
10
41
11
12
13
12
12
13
38
10
22
38
23
10
24
13
12
62
34
19
11
21
11
13
19
38
16
17
25
10
23
45
10
18
12
2054
11
16
26
14
10
14
21
13
16
14
16
113
13
12
32
21
29
126
20
13
15
30
43
38
12
25
14
10
31
74
11
19
17
15
12
14
21
21
14
52
15
16
18
13
11
10
11
47
12
81
28
19
18
22
17
55
16
10
14
13
11
16
10
19
17
27
13
11
11
23
44
65
11
71
12
22
12
11
12
12
21
35
13
23
13
23
12
13
16
19
19
32
17
13
10
22
19
49
13
45
40
12
25
16
11
43
30
12
34
12
22
12
28
39
12
15
13
27
12
10
13
20
18
23
23
15
24
47
11
12
11
16
10
13
10
22
20
13
17
20
17
33
16
56
39
112
15
21
16
12
10
12
12
17
18
444
1977
57
23
10
13
12
14
74
15
57
11
12
15
10
13
81
20
15
12
23
18
12
28
10
42
80
28
37
31
25
13
17
12
12
11
32
11
22
15
10
12
20
155
18
10
11
13
12
22
29
21
64
10
16
12
14
17
11
12
13
25
20
11
25
16
31
26
24
17
49
16
13
17
63
13
10
12
56
13
19
16
13
21
10
13
16
89
12
30
141
14
17
15
15
11
40
11
10
19
15
11
11
11
13
20
18
50
15
16
13
12
21
25
29
12
21
13
14
11
20
11
19
25
17
27
17
15
27
11
16
79
16
12
10
41
16
15
44
14
11
21
158
13
41
36
19
20
17
11
535
16
20
48
150
44
36
86
55
67
10
16
188
36
19
14
10
34
10
18
34
29
30
17
16
97
13
18
11
13
11
46
13
13
23
44
12
21
24
16
18
20
13
11
27
14
11
33
24
13
14
34
595
17
18
12
11
52
30
45
61
16
13
13
18
17
18
21
22
11
12
22
39
10
12
11
11
10
16
10
11
11
16
14
11
17
11
13
15
32
68
31
18
76
16
320
13
262
13
11
56
10
12
20
16
58
14
35
25
26
10
21
23
25
14
20
26
12
33
49
11
301
11
18
16
15
15
15
20
13
13
33
15
10
12
18
21
14
12
12
11
14
14
16
10
27
139
11
10
33
17
16
16
18
28
15
43
60
27
12
57
10
21
11
13
10
24
25
24
24
10
19
18
12
14
13
11
10
13
12
14
15
10
11
25
14
24
14
11
15
15
86
10
31
11
11
13
11
13
12
12
43
27
11
12
11
11
28
19
271
36
28
62
23
11
38
12
26
12
33
11
22
24
21
15
31
12
12
11
13
10
14
70
15
19
10
10
26
13
22
18
12
16
60
18
20
11
12
25
10
17
22
13
26
55
22
15
16
17
110
14
12
13
13
61
15
37
23
24
30
31
12
18
13
19
15
60
16
104
12
19
10
23
15
12
417
17
10
98
41
14
17
43
25
15
20
15
16
12
66
16
30
14
16
90
15
61
16
30
11
32
14
21
30
11
11
12
68
16
11
55
70
39
29
25
19
14
19
22
10
23
102
16
11
46
16
31
13
15
11
14
15
15
22
29
26
27
22
10
11
18
91
19
12
26
27
194
13
11
11
39
10
12
12
16
28
13
17
21
21
15
13
12
13
11
15
12
22
11
10
13
22
20
11
19
13
18
13
26
13
11
16
36
19
15
10
12
28
26
12
21
25
10
129
17
11
11
32
11
19
11
22
23
16
13
12
15
31
23
11
12
20
116
89
23
19
12
14
24
14
21
22
33
18
15
11
50
42
21
16
21
17
19
11
12
16
18
28
13
13
11
12
12
20
16
33
63
14
10
19
11
11
44
23
84
12
18
19
23
12
22
43
12
22
18
13
37
22
18
14
12
10
11
11
14
11
12
203
47
64
10
12
12
17
15
11
10
12
11
11
11
11
12
87
17
27
12
12
13
25
24
16
12
12
10
10
10
14
11
11
12
29
10
11
14
97
13
11
60
12
12
20
11
11
14
52
16
53
12
23
11
52
17
11
29
27
17
50
13
11
11
48
12
22
207
19
11
10
13
42
14
12
55
14
13
14
12
13
93
12
15
12
63
24
10
14
20
18
12
20
13
21
11
38
11
41
12
22
21
11
13
15
15
12
17
11
11
28
22
13
10
21
11
10
15
20
11
11
10
42
27
16
12
31
12
10
12
15
16
10
11
17
38
10
15
15
15
12
12
13
13
79
11
56
11
12
10
11
13
12
25
13
42
12
28
12
38
50
11
11
17
17
154
16
16
16
11
15
21
18
51
25
11
10
12
11
23
405
29
11
12
14
17
19
12
21
22
11
10
12
33
24
16
13
12
11
11
12
13
33
16
32
22
18
22
10
34
29
34
11
12
15
14
15
23
11
11
10
23
11
12
15
10
13
11
13
39
18
18
22
21
21
25
16
16
45
17
12
17
10
60
78
21
17
27
10
48
27
31
21
20
15
15
18
80
12
43
39
11
20
16
62
14
29
24
11
13
19
59
12
10
13
12
12
12
11
50
51
52
12
40
11
29
23
11
13
14
26
12
33
16
19
20
13
14
13
10
27
17
11
17
12
12
12
23
13
39
19
20
11
31
21
19
38
12
16
14
10
12
15
12
16
26
16
42
45
17
13
42
21
11
58
20
12
11
20
19
52
12
11
16
12
17
21
11
15
18
23
24
14
13
15
11
12
15
29
13
11
19
15
228
19
14
15
63
11
12
35
13
18
21
17
12
10
16
23
87
26
11
21
38
15
19
21
11
79
43
25
10
11
14
12
11
18
15
35
14
13
11
23
27
12
22
83
16
17
10
24
26
15
27
70
20
12
56
10
14
13
10
100
12
13
11
12
18
11
12
11
12
16
18
87
16
11
22
20
10
11
13
13
23
12
11
11
57
12
121
12
11
19
32
11
11
11
11
14
11
18
11
15
19
22
11
10
56
45
10
13
12
17
31
16
10
19
29
43
19
17
61
14
19
10
15
11
32
13
13
10
39
13
11
10
19
13
13
12
23
32
14
319
11
13
845
29
13
11
32
12
12
13
28
13
15
16
56
31
24
10
13
27
16
18
10
11
16
12
13
801
19
20
32
12
15
11
10
16
119
13
14
46
93
18
11
14
20
16
14
11
24
16
12
14
128
27
10
11
11
12
18
26
34
25
18
12
55
13
13
17
13
19
25
21
18
11
13
22
21
10
39
12
23
25
26
101
14
30
22
17
14
35
12
10
11
40
10
11
13
15
12
16
10
13
11
16
17
36
36
220
13
13
15
12
35
22
12
21
17
27
24
10
10
16
33
11
62
16
11
11
12
11
16
11
10
12
11
12
11
11
20
63
11
10
42
13
21
18
26
14
15
11
11
11
12
11
38
10
65
27
14
12
16
13
24
14
12
11
33
14
11
11
11
29
10
10
16
16
11
12
16
20
13
11
36
25
27
15
11
14
10
11
14
28
29
16
12
12
11
11
26
11
10
11
14
16
15
19
13
13
12
19
16
11
13
11
11
11
73
12
139
11
17
11
22
41
11
11
26
41
25
21
12
20
20
26
32
52
12
18
17
11
35
20
54
25
12
14
27
17
30
13
19
23
14
12
23
16
12
11
11
18
27
13
51
19
13
51
16
83
29
17
15
59
115
12
13
499
87
11
19
19
42
66
67
17
90
13
12
18
59
15
172
17
15
23
11
39
10
63
20
15
15
20
27
24
13
18
11
28
38
11
97
16
27
21
26
17
30
31
23
12
12
16
24
10
10
10
10
13
13
13
43
22
14
14
11
45
14
19
24
13
11
30
16
35
10
11
12
11
12
10
16
28
28
12
10
14
15
13
12
15
12
57
13
12
12
87
18
15
36
16
11
141
11
18
14
30
12
14
24
12
13
16
12
33
17
16
11
12
143
66
13
17
30
26
13
22
12
15
11
11
1403
10
18
11
18
12
15
19
12
16
17
22
11
10
13
16
11
15
11
14
12
15
16
26
868
17
11
10
16
23
18
12
25
12
10
52
24
21
11
14
14
55
14
287
13
11
34
11
32
11
16
16
11
26
13
21
11
50
35
11
13
31
11
14
51
35
21
12
93
53
13
16
24
13
15
23
21
15
29
12
14
13
12
26
10
14
12
64
11
16
10
18
23
24
17
11
21
21
32
14
17
12
22
13
14
14
17
11
16
20
127
26
13
13
13
14
14
18
12
54
20
30
11
10
22
17
17
10
10
105
15
20
11
10
11
16
24
13
36
26
26
39
17
123
14
12
41
176
14
55
24
17
30
10
11
55
12
24
15
40
35
30
10
14
15
15
16
15
55
22
12
11
14
24
38
13
21
13
125
28
28
21
12
10
28
12
10
45
20
10
11
13
14
11
513
12
13
12
13
11
11
29
17
13
16
82
13
13
20
35
74
18
35
26
20
46
24
69
10
31
15
14
21
63
17
11
39
40
15
10
29
11
12
40
16
22
49
14
18
19
36
10
14
39
16
36
20
12
20
13
206
21
10
24
20
19
14
11
11
10
44
57
16
43
20
11
15
290
12
19
14
15
13
23
11
45
13
11
12
34
12
10
11
10
20
32
15
81
17
11
20
25
21
13
10
10
83
11
19
30
12
11
17
11
10
16
24
15
70
13
11
399
82
30
19
20
15
12
15
22
16
15
19
10
19
11
11
12
17
10
26
26
14
69
17
15
13
16
13
46
17
11
29
69
17
13
26
12
20
12
11
11
12
12
14
11
33
10
12
40
14
12
34
17
19
16
28
34
15
20
10
13
15
76
345
39
16
18
17
13
17
10
12
43
70
130
13
11
12
21
13
11
11
20
12
13
10
14
14
25
14
21
18
19
11
104
11
14
17
24
23
16
13
10
16
275
12
24
22
25
10
13
23
25
24
12
59
36
11
10
11
72
17
16
27
15
19
18
18
11
16
10
12
13
15
41
12
20
21
10
12
13
24
20
12
11
10
23
13
14
11
13
18
25
21
11
18
140
10
15
10
13
11
31
14
35
11
10
20
10
12
77
18
68
16
23
11
11
20
12
12
20
11
13
16
18
12
38
14
36
25
22
110
21
11
13
13
16
10
17
10
29
23
15
11
11
22
11
11
43
37
11
13
27
17
13
12
18
10
17
10
21
27
17
10
12
11
100
12
12
21
81
30
67
12
11
10
10
26
12
18
12
80
12
41
12
74
13
12
41
15
18
12
14
12
16
12
33
14
11
15
18
236
13
12
34
25
18
17
10
11
10
40
115
11
23
132
14
26
10
16
30
22
13
21
15
32
15
17
14
12
36
12
47
41
17
13
26
108
22
118
14
26
15
19
23
21
18
27
26
24
11
12
13
41
13
10
17
58
12
12
12
21
18
16
17
13
21
13
13
13
12
18
10
12
30
42
18
15
14
12
15
12
16
31
11
11
16
35
12
12
11
12
14
100
20
100
17
14
19
49
11
11
13
11
10
19
10
14
10
11
39
10
13
15
26
349
31
11
32
11
16
20
18
13
41
50
20
15
17
12
16
10
13
180
11
22
36
13
15
13
10
31
12
14
29
13
13
39
25
10
15
64
12
51
27
10
38
45
11
48
24
13
14
19
14
10
23
27
25
11
16
23
26
13
13
16
20
30
15
13
45
20
13
12
15
11
45
16
34
19
16
11
11
56
110
12
15
12
26
152
23
12
10
311
28
11
43
23
10
40
15
13
18
10
15
11
26
14
11
272
10
39
14
14
13
32
32
15
14
15
17
16
11
86
15
12
13
20
12
23
114
12
11
12
12
11
26
17
21
12
23
11
25
12
11
78
11
24
13
22
11
33
28
24
17
31
18
12
19
11
24
13
18
45
25
29
15
16
14
24
31
21
16
17
10
10
13
22
20
144
10
14
13
11
12
11
21
29
22
467
13
29
17
11
12
25
33
12
13
19
17
32
10
11
14
12
11
28
12
14
13
12
24
20
12
21
62
12
11
12
12
14
10
12
33
30
31
15
30
11
54
13
235
31
10
10
15
25
13
10
10
12
24
18
63
12
42
16
12
36
10
11
22
117
11
14
16
14
14
13
11
12
13
63
13
17
56
25
37
12
13
30
17
12
17
77
10
118
12
39
18
11
10
11
26
19
10
22
20
19
11
12
24
123
12
12
63
11
15
12
44
75
11
13
39
50
19
18
16
63
37
25
15
19
17
28
21
18
14
54
36
21
23
26
34
24
11
198
15
134
16
133
10
10
29
14
482
39
67
11
10
18
15
27
43
18
37
11
21
91
17
14
14
78
15
19
22
24
13
16
21
10
18
19
17
14
13
11
28
11
14
14
40
27
12
11
10
10
11
24
17
10
12
12
11
15
33
54
209
12
12
10
20
14
11
10
10
23
31
11
40
26
10
29
20
16
10
12
15
24
13
35
218
12
22
16
11
51
15
12
11
22
21
15
14
11
10
12
42
12
13
10
53
16
60
12
14
20
14
15
11
19
11
22
83
14
25
39
19
14
10
40
97
13
10
38
13
11
14
28
10
89
30
20
10
38
17
66
16
17
18
12
22
11
11
36
13
18
50
11
17
48
32
18
18
12
11
37
13
1171
22
71
13
16
12
11
12
45
26
11
21
13
14
10
16
19
15
12
11
20
17
11
19
25
62
11
20
10
13
11
15
13
11
15
14
11
13
18
16
11
39
13
19
11
14
49
16
14
166
12
13
16
22
14
18
11
14
47
21
15
24
81
12
14
12
11
14
37
27
24
10
12
17
13
38
29
29
10
10
18
23
14
13
20
14
11
32
10
124
12
13
13
14
20
17
12
13
13
11
13
16
10
21
14
54
12
14
11
14
13
14
12
14
21
36
11
17
12
14
12
11
22
44
24
17
20
27
14
24
10
44
20
12
11
15
20
14
11
13
11
63
12
14
21
22
11
16
12
17
17
12
11
13
26
36
10
14
10
18
19
14
14
17
31
12
11
81
14
10
14
13
18
26
17
81
11
16
13
71
27
12
16
16
10
25
17
11
15
16
13
134
16
120
31
37
10
12
13
523
23
29
30
19
11
12
17
46
10
23
12
37
21
12
12
62
10
11
10
11
14
18
12
13
11
14
19
12
11
15
16
31
29
12
38
12
12
22
13
11
20
18
28
107
15
12
21
13
12
124
35
28
11
11
32
13
17
72
17
12
10
16
13
72
67
22
13
17
16
23
23
20
55
22
22
18
89
13
52
99
15
29
26
13
11
12
42
11
502
10
10
11
14
22
11
19
14
13
11
35
15
18
12
15
15
12
17
15
18
12
10
10
20
11
13
112
11
11
16
11
14
22
17
23
19
20
15
17
16
11
14
20
26
72
89
15
26
50
11
10
18
12
18
22
43
19
16
16
28
24
33
22
109
11
13
40
10
10
13
15
27
13
23
11
10
13
60
24
10
15
12
11
29
18
47
13
122
17
12
10
93
45
21
24
13
13
14
11
18
12
15
18
11
23
12
17
24
19
30
35
10
11
10
197
11
180
26
24
12
10
287
11
16
13
16
16
269
13
12
32
21
11
11
12
46
11
16
10
19
11
12
13
12
19
14
17
15
12
13
22
21
28
13
11
10
14
33
22
57
22
17
136
33
16
19
14
21
15
11
22
10
10
24
11
28
21
27
12
50
15
30
11
15
32
13
53
15
29
63
17
27
13
107
15
11
54
89
10
12
12
21
17
13
32
18
13
64
813
18
118
13
10
26
28
47
15
12
10
16
11
19
20
86
15
17
11
12
17
14
17
10
12
61
11
20
12
53
17
13
53
12
14
19
28
13
26
15
12
19
17
11
12
14
11
16
14
13
12
18
15
13
20
26
37
67
19
16
33
26
19
11
11
10
12
13
15
11
23
14
14
130
25
11
12
11
12
27
20
12
15
149
23
11
13
10
18
21
35
13
12
13
14
12
91
11
37
23
36
11
36
14
13
17
13
12
14
10
11
41
13
69
10
14
82
22
17
19
13
14
12
23
53
14
28
147
11
12
97
13
20
14
12
10
10
14
17
17
14
194
13
23
20
17
15
20
11
11
12
26
16
11
18
13
48
18
31
20
27
11
10
10
11
11
38
17
16
78
18
11
19
12
17
13
12
59
14
13
16
413
13
16
12
21
11
189
20
20
18
17
30
11
10
12
26
28
20
17
26
31
37
21
12
10
42
20
17
27
11
86
22
17
11
22
16
50
11
11
12
27
10
22
14
11
11
48
23
12
16
16
22
16
11
22
24
14
10
132
16
11
10
12
14
105
15
11
24
13
13
10
17
12
11
37
33
20
12
59
46
11
14
11
11
94
22
13
12
11
21
27
10
20
22
38
10
12
13
23
14
10
13
10
13
12
26
17
25
24
18
12
117
32
21
87
17
54
12
10
12
16
19
11
17
33
12
91
35
22
18
25
26
18
10
42
10
11
23
85
11
47
18
10
11
47
10
13
11
13
17
17
12
11
15
10
30
12
11
12
12
45
18
23
34
20
15
45
19
15
10
10
14
228
11
11
21
15
11
12
53
19
19
17
10
16
11
13
14
19
35
44
23
21
17
11
15
10
19
62
12
15
248
20
16
15
17
20
33
17
31
10
17
26
22
18
71
13
30
27
11
16
11
10
14
28
11
12
35
13
10
38
10
11
12
12
11
23
76
18
12
52
24
23
13
32
12
14
11
54
105
15
11
11
17
273
17
13
13
11
12
25
20
10
11
15
17
10
26
17
13
17
12
14
18
14
26
21
13
37
13
23
10
72
11
25
16
18
15
19
47
13
18
11
29
12
20
12
12
21
12
13
14
10
11
23
25
44
11
14
14
31
13
63
178
15
34
14
26
38
16
46
15
12
17
22
11
10
69
13
30
10
17
11
26
13
15
15
14
14
15
13
10
13
33
14
43
81
48
30
28
10
21
56
12
19
37
16
10
11
11
17
12
13
25
18
34
26
18
12
11
20
10
114
19
19
23
11
19
20
110
15
11
11
12
10
50
21
12
13
16
69
17
23
13
27
17
15
13
14
12
14
11
14
11
12
11
15
18
11
18
10
19
15
12
12
39
38
36
22
34
12
22
16
12
16
14
12
11
14
22
12
14
12
14
13
13
12
19
25
18
12
28
43
16
22
25
73
13
12
12
11
99
18
13
75
24
11
111
13
21
44
21
11
17
30
36
28
37
12
23
12
19
11
11
17
21
15
34
29
11
18
12
12
13
500
16
15
23
10
10
19
11
58
12
13
54
10
17
12
17
17
18
42
10
11
39
11
50
50
53
10
18
11
11
13
16
10
11
12
18
15
14
12
16
130
19
38
18
14
11
19
10
13
17
12
11
11
21
10
16
14
36
20
27
44
11
12
11
14
17
11
260
13
13
36
16
14
17
16
82
196
16
22
120
21
47
15
11
16
15
37
11
12
13
15
64
11
12
30
12
18
20
11
18
10
11
18
11
16
16
24
15
13
23
11
92
11
13
12
14
12
12
11
141
20
18
81
14
12
15
19
13
12
24
12
12
11
29
29
15
10
29
18
28
109
13
26
10
16
50
13
16
21
13
73
10
23
13
15
15
13
14
15
28
30
17
19
10
34
39
62
12
42
33
15
35
22
22
12
12
15
26
42
15
54
12
15
17
11
10
27
10
15
18
16
15
48
20
48
12
13
10
39
17
22
14
20
73
17
11
13
40
31
57
16
14
12
20
44
20
10
12
12
10
16
15
18
19
24
11
13
28
12
11
16
26
13
114
29
17
38
10
20
66
13
15
12
113
56
13
240
33
27
29
15
17
10
160
33
32
13
14
11
18
52
18
14
17
11
13
11
29
40
14
26
19
16
19
11
11
12
18
35
15
104
10
28
21
12
12
14
19
12
17
12
12
14
13
12
13
11
10
21
242
17
24
20
16
17
11
10
12
17
151
10
11
19
32
14
18
11
10
16
18
11
34
17
16
15
20
39
33
16
12
34
16
10
18
37
10
16
67
11
11
16
33
39
11
17
80
28
15
19
11
17
15
16
14
12
19
11
21
10
35
11
18
15
78
11
12
14
25
17
13
25
53
89
77
32
11
14
16
18
12
16
12
12
59
17
46
56
17
10
21
10
13
10
12
23
12
46
12
18
12
15
12
10
19
28
17
12
638
33
11
13
29
18
24
27
26
88
15
15
24
35
15
14
23
12
26
13
15
103
411
11
11
10
17
10
11
12
11
16
31
18
10
17
10
16
29
23
18
49
12
44
11
17
12
15
36
27
53
12
16
19
18
28
277
15
37
21
25
19
29
13
15
12
21
69
144
13
16
11
14
16
23
15
19
10
41
11
26
932
17
10
13
10
14
12
11
12
63
15
54
11
11
12
13
13
28
35
13
34
16
21
16
10
14
14
12
11
20
39
11
13
29
18
12
16
12
114
29
10
24
16
20
39
14
34
10
44
40
29
10
13
14
11
11
27
13
38
20
11
11
13
10
21
11
25
12
12
20
10
10
11
35
24
13
20
35
16
20
14
26
17
12
14
16
21
58
13
23
10
16
10
12
109
36
36
19
16
109
11
14
13
22
16
10
15
30
35
107
11
23
10
24
13
93
140
13
15
11
13
10
11
15
10
11
28
11
689
17
11
15
46
16
33
14
20
15
11
34
18
20
13
61
15
23
14
11
47
39
34
11
19
18
20
20
26
17
10
40
25
15
14
15
67
14
25
123
11
16
11
16
15
15
11
14
64
769
16
10
12
56
11
20
10
27
12
11
18
18
11
19
12
17
27
24
12
56
11
12
17
12
18
14
19
24
13
47
14
19
11
11
10
13
41
38
12
40
12
38
12
20
11
19
13
37
15
12
36
13
27
11
21
28
14
23
44
15
16
14
93
42
12
15
17
17
18
18
12
38
38
13
12
20
11
52
19
11
16
73
10
16
15
14
12
14
15
10
10
10
11
61
15
17
10
18
13
12
24
53
19
14
51
11
12
14
14
13
15
10
13
20
56
16
11
12
16
10
22
26
27
13
10
15
32
10
13
16
13
18
11
18
25
11
56
14
15
15
41
17
38
20
11
21
13
15
15
79
13
27
11
216
23
23
18
68
11
22
31
12
12
63
727
12
22
15
12
14
18
11
15
14
11
109
17
14
11
12
20
38
13
33
11
46
11
15
16
19
34
11
15
12
14
12
16
16
22
20
19
35
13
21
21
14
14
12
17
12
25
39
11
12
13
12
30
31
56
16
25
69
12
11
10
16
58
16
26
22
27
22
10
60
20
11
28
19
13
14
14
23
32
12
17
22
30
46
17
16
52
14
14
10
12
11
14
15
11
20
10
33
11
12
24
11
16
17
11
14
11
15
12
10
20
32
16
28
13
31
11
22
12
13
10
11
12
10
155
28
11
22
38
21
25
30
10
10
15
14
10
25
13
13
44
23
16
17
12
25
23
22
16
21
18
18
14
13
16
13
18
13
16
65
39
65
11
23
20
11
12
246
12
17
19
17
26
52
17
13
12
16
20
10
13
14
32
24
12
13
17
24
10
82
15
13
25
78
21
18
17
61
18
17
26
42
12
12
41
33
25
21
42
16
18
35
14
28
10
74
28
20
23
33
12
12
23
13
46
92
28
25
29
19
10
18
10
34
10
68
11
12
11
10
11
12
18
18
16
10
16
169
95
12
14
14
18
13
11
18
394
11
11
18
10
10
23
64
18
27
14
20
94
20
17
16
73
14
12
12
15
20
13
11
26
12
13
16
65
27
18
18
29
11
24
30
12
25
14
28
34
12
21
16
13
33
16
21
19
27
36
12
11
16
30
71
13
14
50
14
56
11
16
12
24
21
61
16
10
13
19
14
11
20
11
12
12
16
11
32
21
40
11
137
25
17
16
11
34
10
11
25
11
16
20
163
10
12
12
11
53
13
11
11
41
55
12
11
16
19
18
10
22
13
88
49
96
16
11
16
15
45
10
20
28
62
14
86
72
18
10
11
23
11
28
24
12
22
14
15
18
14
24
10
33
55
18
21
20
14
26
23
11
13
14
12
10
12
23
14
11
20
17
10
12
11
16
11
103
23
17
17
10
13
24
19
10
16
12
10
36
18
36
10
10
14
11
18
75
78
13
13
33
15
13
27
18
11
13
65
10
16
15
18
35
11
10
65
17
38
26
19
12
14
28
31
13
12
25
27
13
11
28
18
13
11
22
22
36
18
14
20
598
13
13
124
21
29
18
19
57
11
22
11
10
23
13
14
45
16
82
13
20
12
67
14
10
15
26
16
31
23
11
11
52
16
17
16
15
27
10
11
12
70
17
35
14
17
40
20
15
11
34
13
13
71
78
19
35
12
27
17
20
15
13
11
20
11
14
454
43
14
23
15
11
21
45
36
177
11
107
11
20
12
13
26
11
16
51
10
54
18
20
15
10
12
32
15
11
16
12
10
18
11
10
11
11
18
46
23
13
11
17
10
15
35
11
40
16
12
11
13
11
15
24
17
26
12
20
45
10
12
220
17
99
17
16
27
11
12
25
13
16
17
16
11
11
20
56
15
21
29
34
27
20
10
15
11
25
14
13
26
20
21
10
11
30
13
12
15
29
35
13
14
61
16
21
52
10
23
13
13
17
31
13
12
28
11
19
17
19
24
11
40
13
11
15
14
17
13
21
19
11
28
23
28
10
13
81
16
28
47
17
20
12
13
16
12
24
28
46
26
14
14
10
27
20
12
20
23
16
13
12
25
15
20
12
11
26
25
13
17
26
23
20
13
11
10
19
41
10
18
34
13
61
11
20
26
11
23
11
10
11
12
23
36
16
11
12
11
15
21
11
137
18
14
13
10
15
12
15
28
13
18
12
10
13
15
12
12
18
15
15
10
33
64
52
18
21
21
15
13
33
17
12
16
16
10
49
12
33
10
13
10
13
13
83
10
27
29
13
11
12
38
11
30
11
20
10
75
12
20
11
18
16
12
11
12
23
11
11
12
21
18
18
15
12
48
49
14
11
69
13
13
12
14
47
16
11
11
15
16
20
13
11
11
12
17
21
16
11
11
23
12
20
12
15
10
19
33
13
37
17
187
10
13
13
66
28
10
11
12
13
12
16
12
41
12
25
36
17
27
50
16
49
16
24
34
11
10
31
10
24
81
39
13
25
12
31
14
18
15
31
23
29
18
13
17
21
11
11
99
13
24
24
15
66
15
13
13
13
23
13
13
22
10
14
23
16
13
14
15
37
10
10
33
11
27
19
16
10
24
106
13
47
17
11
14
19
24
14
168
30
17
20
44
15
11
13
21
22
21
27
11
14
15
20
10
12
10
17
15
25
16
11
14
15
12
20
12
23
13
14
11
20
19
14
17
24
16
17
13
22
18
29
12
20
94
14
23
30
20
25
11
30
33
16
13
20
13
30
19
12
13
12
11
44
12
13
161
19
11
14
12
10
14
16
13
18
19
31
52
30
27
13
63
20
12
16
12
11
13
43
10
21
59
29
11
18
19
20
11
10
20
11
23
24
14
13
22
11
16
25
15
140
12
16
13
18
11
13
12
17
111
10
13
18
61
13
11
21
11
20
19
10
10
15
59
55
10
55
12
11
30
23
12
19
26
11
45
18
11
175
20
17
10
11
16
42
26
11
18
14
14
12
22
17
13
13
21
10
14
11
18
14
15
11
10
15
43
11
22
26
14
19
22
23
14
28
12
10
14
21
11
14
60
14
10
23
25
11
15
30
15
12
17
12
45
11
11
23
11
13
14
15
134
11
13
10
19
27
15
13
13
13
19
14
42
41
34
17
11
11
77
17
24
24
23
14
168
16
26
10
12
10
52
20
10
16
134
22
30
18
14
12
10
18
24
27
26
48
12
15
13
17
11
27
23
35
14
17
24
10
16
17
12
10
13
11
12
22
82
10
12
13
20
10
20
11
18
10
14
22
15
35
12
11
15
32
37
13
11
11
11
21
16
17
31
12
12
13
19
23
29
19
11
127
10
29
42
10
12
17
16
20
15
18
13
24
10
15
13
46
12
11
13
27
37
14
10
88
22
10
19
23
49
15
12
21
13
10
28
13
79
35
11
10
13
20
48
35
11
18
15
38
10
15
22
11
18
12
22
18
13
12
10
15
14
43
33
53
16
13
12
11
127
11
18
24
13
13
10
11
20
56
11
11
17
34
22
190
12
10
11
10
14
10
12
17
17
41
15
15
14
17
14
10
17
20
10
11
23
23
12
24
15
14
12
16
42
10
13
11
22
15
11
15
38
11
16
11
11
13
11
11
18
13
11
15
10
20
14
17
11
18
11
16
34
11
13
14
11
10
21
11
24
25
85
18
14
17
13
18
39
16
53
55
11
16
18
10
27
12
22
42
16
12
19
10
10
12
12
11
12
13
11
19
13
13
10
24
33
43
14
13
23
13
13
204
11
102
15
124
15
26
15
15
14
11
15
33
29
252
17
14
10
22
16
11
15
21
18
12
44
10
14
16
15
20
13
28
10
14
37
27
13
16
10
23
17
12
10
13
13
10
12
16
22
10
10
27
11
30
27
13
11
10
15
11
24
18
83
16
16
36
61
18
59
32
82
19
14
38
19
13
24
11
10
20
12
11
31
48
18
15
10
17
14
16
20
11
15
10
14
17
22
10
12
17
27
22
11
22
11
97
11
20
13
12
10
18
15
12
29
12
12
28
15
25
22
23
22
34
20
10
15
12
11
17
15
19
13
11
11
13
20
19
20
11
48
12
124
10
13
24
11
11
12
26
12
22
16
39
10
16
71
10
12
19
26
18
12
17
16
10
32
28
34
15
46
19
335
12
18
38
40
23
11
11
14
20
11
38
15
11
12
38
14
66
16
23
40
13
10
32
19
10
22
52
16
14
13
26
47
14
13
44
13
12
11
19
15
35
16
14
33
11
42
14
25
41
10
13
129
188
23
27
12
57
14
13
11
18
59
10
10
26
39
15
19
13
25
18
11
585
11
12
22
32
24
30
23
20
57
30
12
27
100
222
37
12
12
20
13
24
29
12
10
11
88
12
17
10
18
14
113
80
14
30
92
40
12
35
27
27
11
21
23
25
13
10
40
55
200
11
11
40
11
13
10
10
42
20
13
10
15
11
14
12
13
10
12
14
11
13
10
16
12
11
26
19
27
11
31
11
11
13
13
10
60
10
18
25
18
20
11
16
11
18
12
13
10
13
10
41
10
11
19
13
10
12
52
11
14
10
12
18
11
10
41
27
27
38
17
10
34
14
13
15
22
17
18
16
15
117
19
17
11
14
183
11
16
14
18
21
15
37
17
12
24
234
46
14
16
25
14
22
20
19
52
10
12
11
11
15
29
57
15
11
17
14
25
13
13
23
35
25
14
16
20
15
56
29
52
19
12
24
18
32
16
63
12
40
659
141
10
32
13
12
12
10
14
12
13
11
11
21
10
25
21
25
10
14
12
14
18
14
19
13
95
54
15
28
10
19
16
17
15
11
28
11
197
29
11
44
13
10
348
15
11
12
31
65
17
13
10
14
24
34
15
14
13
10
23
16
13
11
15
21
14
11
15
11
23
18
11
11
42
12
48
17
34
24
22
178
18
12
21
10
14
15
15
19
12
12
14
16
21
17
35
16
11
57
31
19
12
15
29
16
10
67
10
12
21
11
43
23
23
231
11
12
16
42
20
610
14
11
15
23
13
12
13
20
16
15
14
12
14
15
15
11
12
20
10
11
25
13
28
14
11
10
37
17
16
13
13
47
13
14
12
11
11
10
14
18
38
16
11
11
12
30
19
12
19
14
10
11
46
11
10
10
11
19
12
22
20
20
10
17
696
44
16
17
13
12
11
10
63
46
10
16
29
52
10
15
27
10
20
16
17
17
27
12
17
58
32
11
32
15
11
11
20
20
12
59
10
13
17
10
13
25
14
12
20
11
12
28
14
20
86
10
12
13
112
12
10
30
15
15
13
28
15
30
16
17
11
92
40
13
25
15
11
15
12
15
10
13
123
145
33
13
27
18
11
13
17
15
21
20
38
11
12
47
28
14
11
15
10
14
10
21
14
11
12
35
25
18
23
40
17
12
16
11
15
12
11
37
14
11
12
14
18
13
16
13
16
12
11
180
21
26
14
10
17
15
36
1428
10
20
28
21
11
15
265
13
19
13
14
20
18
14
25
21
19
25
16
11
26
18
37
11
20
14
36
14
27
14
62
14
20
321
10
22
34
34
11
16
50
43
21
12
10
13
39
17
27
11
79
21
26
16
14
15
18
11
11
18
11
12
12
11
20
17
26
13
10
11
17
12
19
75
11
17
14
28
10
21
12
13
24
13
38
13
13
23
14
86
25
17
43
10
56
326
16
25
11
16
11
13
34
16
11
21
12
14
12
37
49
14
11
265
31
23
25
17
11
11
14
16
13
11
14
46
26
20
15
147
12
147
13
16
12
101
11
10
17
35
35
29
11
12
15
38
17
16
17
14
12
15
14
12
14
19
11
45
18
10
34
22
16
14
303
11
14
130
11
19
10
11
91
20
13
11
18
18
10
55
103
13
65
41
40
11
10
11
10
59
11
11
29
71
11
12
52
15
19
10
351
22
54
46
18
13
11
18
31
15
55
19
11
12
34
190
13
24
191
10
10
24
14
26
17
30
10
12
10
25
14
14
10
22
19
12
22
12
10
13
19
10
12
11
19
11
22
37
13
11
21
13
27
31
16
25
14
30
28
12
22
45
13
21
11
15
29
22
15
13
22
11
12
16
14
14
44
116
10
67
14
11
12
37
62
16
26
378
22
53
58
14
11
12
63
55
24
10
14
45
26
51
35
16
10
163
11
14
27
11
77
12
11
18
52
39
11
14
11
15
11
17
12
54
11
14
13
15
40
16
26
11
20
16
11
16
15
19
10
17
10
11
14
12
11
11
33
16
18
16
13
28
18
22
11
11
16
19
13
67
23
12
10
21
15
17
16
12
15
12
14
18
16
22
12
40
85
36
10
13
21
11
11
17
24
14
30
11
15
11
14
14
19
12
12
22
15
37
16
15
14
10
134
12
11
11
11
11
39
11
20
42
13
35
70
13
33
10
11
56
22
28
23
14
12
11
12
162
26
14
23
10
25
12
14
29
13
11
12
14
22
121
13
12
18
11
12
32
15
13
15
19
17
12
18
17
61
11
16
18
269
58
21
39
17
58
18
42
18
27
43
13
10
15
14
10
34
12
11
24
10
25
27
13
44
25
28
13
13
105
23
172
45
13
26
17
175
12
17
11
12
22
11
14
10
20
11
13
10
130
10
19
57
11
18
14
12
12
34
11
11
16
11
21
27
14
15
10
12
13
24
11
20
15
10
20
16
11
13
19
44
14
14
11
12
15
19
24
12
12
25
13
75
17
10
21
11
11
62
13
17
10
10
50
14
44
26
17
102
17
34
26
10
11
11
30
10
16
116
10
15
17
26
12
11
29
13
40
19
16
24
14
34
14
11
236
10
31
54
15
13
67
15
16
15
16
22
42
19
14
10
33
14
11
44
24
12
11
16
12
13
28
13
18
19
11
12
16
12
188
12
12
16
25
34
20
168
24
24
30
15
15
16
17
40
12
13
10
18
15
13
11
11
11
74
35
44
36
11
16
11
16
23
29
29
14
11
10
19
18
12
11
20
262
11
21
25
25
21
11
12
30
12
16
23
11
17
14
14
11
84
11
11
18
12
13
32
13
11
12
12
33
12
31
14
20
13
13
64
13
49
11
11
11
11
14
12
17
18
16
32
17
17
11
178
16
11
82
138
17
25
26
12
35
11
18
17
25
13
15
16
39
14
52
15
86
27
18
13
21
13
11
33
16
13
38
10
17
13
327
16
20
55
13
10
12
69
12
15
36
13
18
19
11
10
11
12
17
11
34
11
12
12
10
11
14
27
10
12
39
11
13
19
14
10
25
38
24
35
15
13
21
18
26
21
17
11
10
13
12
12
12
70
11
15
19
12
11
21
34
17
18
14
51
23
17
18
24
199
27
36
12
12
33
14
19
13
12
11
10
10
19
23
12
14
13
14
15
22
12
22
16
24
12
25
19
25
12
14
10
13
29
15
14
10
34
20
27
11
22
16
38
15
13
14
16
29
20
13
14
16
12
13
34
12
21
19
12
12
