13
15
10
10
65
22
51
11
14
14
12
74
18
10
177
14
15
12
14
13
19
11
15
36
15
14
22
13
23
13
12
16
20
11
13
24
21
13
15
187
11
10
11
14
12
15
15
14
25
20
21
15
12
17
19
18
18
32
11
57
13
14
18
28
58
14
15
11
16
18
13
11
21
20
14
16
14
16
17
48
23
56
40
39
180
78
11
10
11
40
11
10
14
51
29
12
26
20
13
40
10
36
11
28
24
33
25
12
23
13
17
17
32
19
12
12
12
11
12
53
18
86
11
10
11
78
15
11
14
13
19
16
78
11
27
16
26
26
21
87
30
13
12
10
11
12
17
11
14
14
12
30
27
18
47
16
11
19
12
23
10
26
11
17
12
12
10
46
32
26
10
22
51
20
16
25
40
16
11
10
14
12
12
12
15
11
10
12
26
18
16
15
23
13
32
12
19
23
64
10
11
28
15
12
13
12
13
11
13
14
45
104
14
15
11
10
82
46
20
34
67
11
14
81
11
10
10
13
13
13
15
12
30
10
17
93
14
11
77
18
24
49
10
14
17
12
10
36
61
10
58
11
13
26
28
23
18
15
22
10
12
24
16
22
13
25
22
23
15
10
11
40
104
54
12
29
11
21
13
29
29
11
14
10
28
11
13
40
13
20
14
11
57
14
55
24
76
107
10
16
44
11
28
25
13
19
16
30
20
19
15
18
22
24
13
14
11
11
128
12
10
22
34
11
13
12
15
13
12
11
12
11
12
10
22
19
10
54
12
10
13
11
12
17
19
12
14
17
30
69
48
27
29
11
32
14
41
12
15
12
65
21
10
15
22
43
11
16
18
10
36
19
11
10
50
14
12
33
10
14
20
34
77
14
12
20
17
18
12
43
17
24
12
11
12
27
14
11
17
15
18
20
14
19
121
42
12
12
16
18
14
11
13
12
15
110
33
39
15
13
10
24
18
11
14
10
10
13
21
10
13
23
12
11
49
11
218
15
18
16
17
180
17
11
23
11
12
19
14
16
31
11
15
27
11
15
14
10
17
18
15
10
14
23
10
10
10
12
12
18
16
58
12
17
13
20
12
19
31
17
47
15
45
11
112
11
25
10
36
15
11
14
11
26
12
86
18
90
21
22
30
20
25
10
21
44
21
57
112
10
39
10
184
14
12
58
21
14
154
26
19
15
12
13
60
29
32
15
16
23
11
11
12
12
18
31
13
15
16
10
14
10
11
10
23
18
134
48
27
11
12
16
16
10
26
17
19
86
16
60
15
10
60
13
14
13
18
16
14
15
10
18
17
14
27
21
18
16
14
14
17
14
11
35
24
143
11
11
11
18
17
36
11
20
21
18
13
11
12
17
16
18
34
15
32
13
13
15
10
22
15
12
13
11
10
13
11
60
13
42
16
16
35
10
19
22
15
11
10
18
10
50
22
13
16
14
14
18
45
17
22
33
22
20
14
22
11
14
15
14
20
72
11
12
36
12
10
15
16
13
145
22
12
18
17
14
12
14
24
20
16
29
13
43
19
24
19
13
16
16
10
18
18
11
12
15
16
11
14
19
22
11
16
26
10
19
16
118
21
18
19
11
32
85
17
19
38
11
42
28
51
20
18
18
34
12
11
14
30
10
12
20
14
12
11
14
11
19
50
10
22
12
12
16
72
13
11
16
127
19
16
127
27
10
14
10
12
10
12
10
21
24
60
16
29
12
14
27
12
39
11
33
24
15
196
14
17
10
101
11
18
11
15
21
10
259
11
16
12
33
11
67
13
63
28
67
13
49
63
14
12
16
19
21
10
228
201
50
12
11
25
58
38
10
14
16
11
12
10
26
13
39
12
11
31
10
12
14
23
12
12
17
11
10
41
28
13
11
20
33
14
27
15
26
12
13
20
21
24
15
25
26
11
72
14
19
20
18
13
12
11
11
16
13
61
15
29
10
10
11
25
52
34
14
15
19
24
17
24
11
11
13
30
12
11
71
30
41
11
13
13
17
13
10
10
19
12
10
12
19
17
13
13
20
19
40
17
15
25
14
12
32
12
16
19
13
17
53
14
10
13
12
13
17
24
21
27
12
10
13
10
11
11
24
13
12
18
11
36
12
49
11
47
21
95
12
11
11
72
17
11
66
13
10
40
15
14
15
22
18
30
43
20
11
21
29
11
13
10
16
10
17
11
12
11
11
12
14
10
29
53
15
30
18
25
14
32
12
14
14
13
34
15
12
17
10
12
12
11
12
22
18
51
16
15
16
10
10
15
37
16
12
12
20
13
26
22
11
26
16
34
22
14
15
25
11
12
11
14
38
14
14
20
241
36
22
14
10
11
43
13
10
16
10
11
10
110
10
13
65
11
61
24
11
36
12
21
11
17
57
19
11
11
20
12
11
11
90
13
15
14
12
11
15
10
14
35
17
10
17
11
14
16
12
14
15
19
13
17
13
22
14
40
21
21
15
233
14
60
17
14
12
15
12
14
16
12
12
14
33
29
380
14
12
17
16
18
11
38
18
11
25
17
70
12
14
11
23
27
14
23
29
12
74
15
56
10
11
102
12
15
11
11
25
26
32
22
14
13
13
21
10
24
12
11
25
27
12
42
10
20
12
15
18
14
12
40
22
18
11
17
16
13
12
10
11
14
17
13
44
55
19
12
47
17
23
47
11
22
10
22
38
10
23
13
10
14
44
28
11
14
10
13
18
15
15
15
11
12
109
46
14
57
10
10
11
11
20
27
15
21
16
46
56
12
17
15
28
13
10
32
11
74
11
12
20
17
10
36
15
11
10
54
11
30
13
24
19
58
12
38
23
10
12
47
24
11
12
45
13
11
12
48
66
37
23
10
14
21
12
13
12
11
25
16
14
78
11
12
11
20
11
14
11
21
10
11
21
13
40
40
10
20
12
19
30
11
49
16
70
26
12
15
109
26
17
17
11
25
31
21
12
10
20
12
13
16
13
139
33
37
10
16
14
36
42
10
11
14
82
28
12
12
15
140
18
10
21
37
10
19
36
10
11
14
28
14
25
43
16
46
54
10
11
11
21
31
53
15
11
61
22
50
20
12
17
14
11
16
12
10
12
23
40
25
55
15
22
12
35
49
13
10
12
61
28
12
12
10
50
13
19
20
68
13
11
18
17
21
12
17
29
14
14
23
10
15
21
12
24
13
14
11
12
12
12
14
17
24
12
10
42
13
10
20
15
16
25
30
51
14
10
21
15
63
11
12
21
16
17
12
59
61
24
11
22
11
11
21
11
14
12
25
15
47
15
23
26
22
10
17
11
11
19
15
12
12
11
308
10
18
13
13
13
18
20
13
22
19
19
10
12
60
13
15
16
16
17
106
11
15
10
14
11
14
85
44
14
14
12
14
13
35
30
17
15
24
38
10
10
48
33
14
12
36
11
40
53
24
10
15
21
15
15
13
14
11
10
18
91
16
11
29
10
16
24
15
15
23
14
49
13
14
19
13
23
253
14
119
17
21
18
18
103
15
34
13
11
13
14
16
11
13
37
47
36
13
32
18
15
11
45
20
14
15
13
45
75
18
15
12
12
13
321
17
15
16
11
14
11
15
25
22
16
22
11
18
12
32
23
14
44
24
14
13
14
42
28
14
11
11
11
11
40
26
78
29
14
10
13
10
17
20
19
58
13
11
17
13
17
10
15
17
10
36
12
10
10
21
14
17
13
12
16
28
14
19
11
13
21
13
10
15
25
10
11
12
16
201
11
24
13
10
12
15
12
14
11
19
10
34
72
10
13
33
12
12
28
10
39
13
21
13
16
35
10
22
17
18
13
25
17
19
16
34
13
10
289
14
13
12
22
36
12
23
53
15
14
16
10
14
34
31
18
44
46
15
13
14
13
29
37
11
26
12
19
10
33
28
25
10
12
44
53
12
35
18
12
12
11
10
28
11
13
36
16
28
25
13
35
60
25
14
20
10
41
12
11
55
20
58
17
58
33
14
11
16
10
13
10
11
44
12
16
11
13
14
46
13
11
17
13
13
18
34
13
46
13
10
19
105
11
20
32
15
11
45
16
88
14
15
12
13
29
18
12
11
11
16
11
11
75
13
33
13
99
50
13
46
27
30
12
13
59
11
283
12
12
12
16
12
15
11
174
12
11
22
72
12
17
11
15
11
28
12
10
11
18
30
19
11
12
12
21
15
14
14
11
26
14
10
41
18
21
15
16
11
24
61
14
24
17
11
20
35
18
43
15
22
17
14
15
13
11
11
10
11
10
10
11
78
12
15
32
35
11
16
54
11
11
11
11
13
15
19
22
18
21
10
22
14
58
12
16
16
33
10
16
11
41
10
16
12
11
24
69
11
16
11
17
24
15
17
26
12
10
20
24
12
10
12
15
16
11
12
14
12
10
59
25
10
22
21
17
431
11
22
24
33
10
27
17
27
12
11
23
13
11
12
12
13
16
12
11
18
44
11
10
10
28
29
43
100
10
15
11
12
11
17
12
46
15
27
20
29
12
11
18
14
48
35
12
13
10
12
26
13
36
25
17
12
16
14
18
11
23
11
11
12
41
10
16
14
68
34
14
42
12
32
13
14
19
14
19
29
11
86
11
83
11
22
11
16
31
42
17
26
12
16
10
25
12
19
11
16
12
11
11
10
21
47
14
17
17
13
12
104
15
11
29
18
21
19
14
14
11
12
11
11
12
35
37
11
11
48
76
10
57
12
13
12
25
13
14
17
17
64
23
10
13
55
10
57
46
15
40
12
16
13
13
11
11
13
326
22
11
15
15
13
14
13
16
25
11
22
10
14
19
21
12
14
23
20
13
12
12
35
16
11
11
17
19
19
12
14
38
13
14
21
29
14
19
11
20
23
31
12
16
14
14
21
29
27
91
11
18
14
10
103
35
96
45
84
12
16
32
28
14
94
11
18
10
13
20
12
19
19
40
44
13
12
10
83
13
15
14
51
11
10
25
13
47
18
23
11
27
11
43
22
31
13
15
12
11
15
14
11
19
14
16
23
38
12
12
17
43
14
15
36
34
39
10
15
15
33
14
29
18
21
58
16
10
11
10
43
14
12
13
23
24
14
32
16
10
13
54
18
18
158
31
30
16
14
12
12
10
16
14
13
17
13
12
37
14
11
10
26
11
11
13
20
19
11
24
15
24
11
12
24
21
28
10
19
15
19
15
13
31
34
13
13
54
13
10
17
37
17
14
28
29
19
11
12
30
14
14
49
10
46
14
10
160
17
10
12
47
13
61
14
15
86
13
17
16
12
17
19
14
12
31
12
14
17
14
37
11
26
18
26
20
13
22
17
49
16
11
47
20
24
10
15
57
19
14
30
28
61
14
67
11
17
18
12
176
16
13
29
33
10
49
15
14
11
11
14
19
298
35
28
59
60
16
14
16
10
12
16
21
19
11
10
55
12
15
23
20
10
51
39
11
12
19
11
25
120
10
16
76
30
14
14
10
28
19
26
69
12
11
33
101
10
152
21
15
11
15
17
11
20
11
21
37
10
11
11
24
12
26
19
79
11
27
28
16
30
16
10
29
15
11
33
11
17
14
24
19
18
19
13
16
10
25
10
140
11
15
15
14
26
23
16
21
12
12
10
12
11
21
11
19
20
13
20
15
13
21
22
16
10
15
26
10
16
23
30
43
52
17
10
23
53
16
24
15
96
12
12
14
14
14
31
15
18
15
16
15
24
16
15
10
13
22
11
11
41
18
11
12
35
10
19
19
38
12
32
68
14
14
141
13
58
12
18
11
15
11
19
13
12
12
17
19
12
13
12
10
15
14
16
22
46
16
20
18
20
11
11
12
13
20
13
10
14
10
19
167
86
17
47
11
16
49
10
11
20
13
13
28
21
12
13
14
10
11
10
14
15
12
25
11
16
13
14
11
11
22
13
40
14
14
21
13
14
94
24
19
12
45
33
11
11
11
17
37
18
13
11
23
12
51
11
13
12
281
48
11
17
15
64
15
21
31
11
11
22
15
13
16
13
21
90
15
27
22
14
12
22
28
30
41
11
27
34
28
11
11
11
64
13
14
22
24
121
22
54
16
18
286
24
22
14
14
47
11
10
16
13
15
16
20
18
21
16
12
13
11
11
160
11
44
15
33
279
86
12
33
12
12
21
13
16
13
67
48
69
22
34
20
11
15
42
65
15
50
13
11
14
82
12
25
11
13
17
32
18
44
11
23
24
12
35
13
19
17
25
12
31
18
18
10
366
10
27
12
13
10
65
12
14
21
12
13
54
24
10
23
67
14
19
16
11
25
11
16
14
26
13
36
14
12
17
15
11
13
69
86
10
24
17
18
29
10
28
15
15
14
12
142
12
212
14
74
23
16
17
10
11
49
11
12
13
11
12
15
11
19
216
11
11
40
56
11
32
14
17
15
15
19
11
16
18
12
93
11
16
21
13
15
21
14
19
15
12
11
95
13
11
10
11
12
12
20
10
12
12
41
17
13
31
10
69
388
12
11
10
22
11
29
16
14
13
16
56
19
14
178
18
31
10
19
12
11
10
15
21
79
12
13
10
27
16
11
26
11
12
14
15
13
16
22
35
14
31
22
47
18
12
10
18
25
14
14
18
12
12
11
13
11
15
14
11
13
10
10
40
11
13
11
10
16
14
13
13
78
28
13
33
18
34
13
12
18
18
16
33
10
15
13
14
20
34
16
11
12
25
30
10
19
12
11
11
10
15
19
16
10
18
11
24
22
15
19
31
186
11
12
22
16
13
27
13
29
25
11
13
17
10
14
11
10
13
13
34
15
10
23
25
14
12
15
11
60
28
13
11
18
49
31
31
31
36
76
10
11
11
18
12
60
20
19
280
11
11
24
32
12
18
11
20
21
18
12
25
10
10
15
40
26
22
18
13
29
13
51
21
11
69
12
31
12
17
17
11
13
66
24
14
40
11
19
16
10
21
13
15
18
40
108
19
33
30
17
12
18
26
35
22
27
13
12
13
23
97
11
20
11
15
10
85
13
14
25
11
25
18
13
12
16
26
10
16
93
15
15
10
18
28
23
10
11
15
21
11
12
22
12
16
33
14
16
21
29
51
11
75
16
11
14
12
10
12
87
63
13
26
35
11
28
13
20
10
263
33
14
76
14
12
116
19
10
14
71
12
22
14
44
44
15
10
62
28
11
12
12
13
28
182
12
10
90
10
15
14
31
14
35
10
13
52
93
18
20
12
14
11
17
10
21
39
19
11
28
114
18
11
16
14
11
14
23
20
13
19
10
31
14
10
14
10
30
11
32
16
23
50
35
459
26
13
11
11
32
102
14
11
34
15
30
20
16
72
11
23
15
217
12
16
16
11
14
14
29
43
12
105
17
38
12
11
13
11
24
11
19
20
21
16
10
54
27
12
12
14
48
15
29
20
10
12
247
18
12
16
202
16
10
11
11
23
11
12
19
24
15
35
93
16
32
17
11
16
12
63
23
26
37
14
28
51
11
18
12
66
21
14
10
29
11
23
48
11
15
57
22
12
22
23
17
11
11
11
16
16
12
11
11
11
10
19
43
25
11
21
15
11
16
18
13
14
75
13
24
14
12
11
33
15
10
16
10
11
12
41
12
12
15
15
24
12
11
62
14
12
13
19
18
16
23
27
13
12
67
12
11
19
14
13
33
19
13
72
15
12
20
14
14
22
14
57
63
53
11
11
13
20
30
11
22
168
11
12
13
12
28
30
10
15
29
11
13
23
325
11
14
108
18
43
16
12
11
13
10
19
12
19
15
28
69
37
13
49
21
13
13
15
14
40
69
13
17
19
11
10
31
14
19
20
12
12
24
24
11
14
12
13
16
15
13
10
21
14
16
15
17
14
10
14
16
37
23
17
13
10
15
33
11
51
13
13
75
23
74
12
28
46
10
61
13
12
11
25
16
43
22
10
28
19
27
11
11
14
16
12
21
109
22
26
11
14
43
33
26
19
14
49
47
43
14
56
13
12
12
12
11
15
16
12
28
13
47
11
20
18
14
18
11
11
11
20
18
11
17
11
25
11
10
10
12
13
36
11
79
26
14
16
10
20
100
16
12
16
12
12
25
13
21
17
17
12
11
17
17
39
12
13
62
24
15
12
11
17
14
16
42
10
15
16
11
10
22
26
12
20
25
114
11
12
14
17
11
10
15
15
12
16
11
27
27
12
17
12
20
24
18
44
12
10
28
20
20
43
11
163
16
96
10
10
32
44
10
11
23
10
66
19
19
15
29
12
13
42
32
18
11
15
68
21
20
17
11
17
21
21
14
12
22
28
10
158
13
13
10
10
18
11
199
18
12
81
22
15
17
10
49
17
17
35
13
15
12
43
15
21
42
12
112
12
12
11
16
12
14
11
105
12
31
55
63
18
22
13
11
12
25
11
17
19
15
13
12
16
13
11
13
35
12
16
15
38
57
13
18
31
21
18
47
13
13
53
16
16
10
18
23
11
71
13
10
15
12
21
11
23
14
16
13
12
12
32
108
15
11
10
25
14
25
13
26
15
15
17
25
18
72
11
18
25
13
20
16
32
11
162
12
16
130
23
10
16
11
10
24
12
12
15
28
20
84
51
35
18
14
65
26
17
16
17
15
27
11
29
11
14
23
26
93
23
16
18
14
50
12
12
25
11
11
19
12
11
48
15
16
57
11
16
49
13
14
32
10
15
12
19
13
12
21
15
23
38
25
19
10
10
33
12
12
17
19
14
10
30
10
20
13
12
16
24
127
12
11
38
11
10
13
33
20
12
15
21
18
128
12
11
25
16
13
21
11
55
15
15
10
10
11
11
11
20
12
24
11
30
11
10
13
68
40
18
11
11
21
34
13
29
12
13
14
18
216
19
43
12
15
60
12
25
18
29
11
20
13
14
15
13
43
12
12
31
11
16
10
13
12
13
54
18
22
98
14
59
65
72
12
29
29
22
11
13
14
20
11
12
11
14
16
11
11
45
21
55
13
15
15
25
31
10
26
17
10
12
13
10
25
12
141
36
13
11
136
13
17
309
20
11
59
11
28
11
15
26
13
10
16
17
10
10
18
17
13
15
10
10
144
16
14
25
10
51
12
16
13
10
18
11
11
14
23
12
20
59
14
17
11
272
14
53
11
36
12
11
14
12
16
14
34
52
17
44
13
12
58
21
13
20
13
11
10
11
10
13
12
11
11
16
15
104
15
11
19
48
10
10
56
12
72
12
15
11
14
76
83
29
54
15
19
17
11
94
13
14
34
14
20
16
12
13
30
11
13
77
23
10
15
11
19
22
10
27
17
11
12
12
14
11
35
21
12
34
21
33
18
13
11
16
14
41
21
27
42
13
14
33
10
25
14
14
13
15
12
13
38
10
12
17
12
12
19
12
12
12
11
42
17
48
27
12
15
25
53
11
31
14
13
21
33
16
13
12
12
10
24
17
10
52
10
169
15
17
22
15
91
19
30
36
18
22
25
22
42
35
12
20
27
38
26
12
10
11
29
53
10
13
14
11
230
10
14
12
20
26
29
34
14
11
34
15
19
18
20
23
13
16
17
13
14
29
22
12
44
12
128
15
15
13
16
14
16
15
12
18
27
19
10
20
14
34
10
85
11
17
81
40
19
10
23
19
38
15
13
11
16
43
18
13
11
14
12
12
16
11
86
66
14
19
15
10
11
11
33
12
22
13
19
10
18
21
25
11
18
16
10
44
14
15
14
10
125
14
21
37
10
43
35
11
58
12
26
11
20
24
16
164
14
11
15
23
13
11
22
23
10
11
62
10
11
10
15
11
26
10
35
24
13
11
13
18
28
13
14
16
15
28
16
31
36
15
10
10
20
15
16
47
13
27
17
13
34
72
52
27
14
10
53
143
11
11
10
25
17
40
21
10
17
11
20
18
11
37
39
55
128
18
26
15
44
13
23
12
17
11
12
97
21
43
36
11
15
24
10
13
11
12
14
136
10
13
12
64
69
11
14
20
71
33
14
69
271
15
57
12
29
96
21
14
13
31
10
10
16
16
31
22
13
12
18
33
58
12
14
11
11
36
15
28
15
23
28
12
102
31
100
18
48
10
37
10
22
62
15
12
32
44
20
37
41
18
22
25
50
154
16
80
36
26
16
23
260
13
25
21
13
36
11
69
207
11
14
27
12
15
17
40
14
39
13
10
27
15
10
16
66
12
15
91
11
10
17
12
12
16
43
16
14
11
26
19
14
16
12
43
10
360
14
14
11
17
27
10
22
50
13
13
14
11
32
14
11
12
31
27
12
53
17
21
16
47
71
72
13
12
272
10
17
36
23
10
14
34
13
21
14
56
10
11
25
26
47
14
11
12
18
14
10
25
27
12
15
16
11
15
18
199
17
43
12
21
16
20
11
12
12
11
11
74
14
21
50
16
13
11
21
10
14
17
16
25
12
16
67
15
42
15
11
12
19
13
18
62
11
19
11
11
32
13
16
16
11
11
12
21
10
12
18
13
11
42
24
17
16
26
10
25
24
21
42
19
31
16
21
16
112
15
12
11
46
27
215
143
16
46
11
12
14
11
94
12
12
11
11
15
39
24
14
102
237
11
14
12
39
13
11
16
30
17
19
12
22
24
10
72
11
12
31
11
11
20
11
11
13
85
34
27
23
17
16
12
13
24
16
16
63
25
15
26
15
27
14
10
22
11
17
17
11
13
15
27
205
19
10
23
54
13
10
10
15
12
11
16
23
72
10
11
19
12
15
11
48
11
19
18
29
15
10
17
23
10
10
14
13
21
16
13
11
13
16
13
12
21
11
12
21
35
18
10
11
66
17
11
32
34
13
11
122
21
21
12
11
13
122
17
28
22
27
18
11
44
46
17
13
41
64
22
14
101
31
11
19
19
10
28
15
17
18
12
22
12
61
26
87
10
18
39
106
12
10
21
22
21
15
12
77
10
15
13
48
438
10
10
79
304
16
10
16
12
10
12
57
29
36
13
14
16
21
10
18
14
14
15
41
34
134
23
19
11
12
32
12
14
20
32
23
11
34
24
18
28
14
12
13
16
22
17
13
10
10
38
34
19
12
11
10
35
23
61
17
33
381
83
14
15
15
20
38
18
22
40
33
38
117
16
22
30
19
13
49
21
15
13
11
32
41
23
89
47
44
20
10
20
12
10
10
10
18
10
13
11
53
62
18
36
21
11
62
45
15
144
13
45
11
15
13
12
39
11
11
22
14
11
11
21
11
12
19
16
15
18
11
16
14
12
24
27
21
15
76
12
11
18
14
10
66
16
16
11
41
37
14
11
22
17
12
18
13
15
15
10
322
18
12
11
38
16
11
10
11
28
12
13
10
13
11
15
84
17
18
44
141
11
17
81
17
15
12
12
16
12
10
10
13
11
10
16
10
12
12
13
27
13
11
34
20
15
14
11
26
11
12
15
10
14
17
24
16
16
12
13
25
36
115
17
11
230
12
35
49
15
12
14
10
13
12
39
15
11
16
16
59
20
205
33
20
14
29
39
19
16
14
13
29
24
27
14
11
47
22
11
12
13
20
40
103
13
11
13
111
12
13
10
13
17
33
17
13
16
11
14
15
14
11
13
35
26
11
61
20
10
11
17
12
12
15
10
14
10
14
10
12
14
12
11
12
74
14
11
10
30
12
15
15
11
42
25
106
11
10
24
24
17
17
10
56
26
40
13
18
42
13
28
16
41
10
10
18
25
14
17
13
12
14
17
10
21
14
38
15
16
12
20
43
13
11
16
15
10
19
18
29
22
11
15
61
11
11
20
75
10
13
14
22
23
11
53
12
13
33
11
11
10
55
12
11
27
20
13
10
31
12
11
13
13
25
11
12
31
29
17
12
10
11
20
363
12
14
39
15
40
13
67
13
11
18
83
23
10
23
12
67
11
25
11
23
12
11
18
11
11
10
13
11
40
129
11
12
43
10
10
17
11
28
21
11
13
13
16
11
18
13
14
11
15
19
14
14
17
14
11
13
13
13
12
23
12
13
16
25
36
20
12
17
13
16
11
16
13
19
12
19
12
21
11
90
10
12
15
14
23
10
19
57
19
11
15
15
13
18
18
11
13
25
10
24
11
11
22
19
23
45
20
12
12
11
12
38
20
14
20
11
53
48
16
20
14
11
22
31
58
27
12
15
10
13
26
17
10
57
18
26
11
18
49
52
13
17
20
29
16
10
11
16
20
16
25
29
65
16
16
36
14
18
12
26
13
14
13
58
36
65
12
31
13
14
12
16
13
24
17
10
16
11
15
22
12
24
12
25
51
13
11
79
14
11
13
10
56
13
41
14
12
11
18
57
17
16
28
32
30
29
10
33
15
12
13
51
10
12
26
84
37
30
24
20
10
13
10
10
29
11
12
25
58
18
12
11
15
34
23
31
17
34
18
13
19
53
22
12
35
18
13
14
11
12
33
14
17
11
12
23
16
12
47
14
12
28
12
10
12
19
15
11
82
44
11
11
10
12
15
13
13
10
18
13
18
24
49
12
24
10
19
32
10
17
38
52
22
12
37
36
14
65
16
16
22
51
16
14
28
24
14
15
14
14
11
30
144
12
18
24
21
23
10
20
109
16
16
320
15
42
12
11
10
10
14
25
11
11
12
12
11
12
11
10
31
14
11
10
16
10
68
13
48
13
14
16
15
11
12
29
13
17
14
14
16
12
10
19
13
35
17
20
12
12
52
17
12
36
30
43
10
10
16
18
24
16
20
26
14
11
58
13
20
16
22
13
14
21
54
12
19
11
12
10
18
28
12
13
15
96
15
46
13
12
18
21
81
21
10
12
27
10
15
18
12
12
12
14
17
30
27
12
40
20
14
17
38
12
19
24
13
17
10
15
13
11
17
12
12
13
86
87
28
11
37
11
13
12
15
12
10
33
18
11
11
14
79
15
22
14
11
14
52
23
19
10
12
16
15
12
14
14
19
23
10
15
10
52
53
24
19
156
79
11
16
10
16
12
11
37
10
13
16
12
16
21
11
12
12
12
19
24
26
12
39
18
11
11
11
317
11
10
12
12
24
16
96
10
18
25
13
12
31
10
14
14
15
13
16
33
14
15
20
17
15
15
31
17
25
14
68
16
49
14
23
11
11
10
13
17
16
32
11
21
24
21
17
15
18
11
15
18
51
189
12
10
38
27
11
28
10
30
23
15
26
15
14
19
29
14
34
16
21
10
14
40
98
13
12
19
243
10
11
17
25
15
11
11
32
14
12
11
15
16
11
16
21
11
46
11
39
18
17
21
12
11
18
14
11
14
22
11
11
19
20
11
14
16
250
14
13
15
55
33
30
22
37
65
12
19
21
11
14
20
13
14
11
27
16
16
13
25
25
12
13
12
18
11
13
21
387
11
29
16
28
17
13
13
16
24
44
10
19
12
13
11
50
11
11
11
156
15
24
11
11
13
12
18
17
15
20
14
11
19
12
22
27
10
11
85
11
21
11
11
45
11
14
15
13
17
16
10
16
16
17
35
11
19
14
12
62
19
17
14
12
12
42
11
18
16
14
13
10
15
11
25
55
17
12
10
11
30
16
10
14
12
15
17
14
24
134
50
25
10
42
12
23
11
11
14
17
18
21
17
112
47
19
21
10
27
52
10
19
17
11
24
21
22
12
17
16
30
14
18
21
59
29
21
17
10
11
24
14
11
18
12
15
11
10
14
46
14
17
10
12
33
21
43
11
71
21
12
30
16
26
30
25
17
14
13
18
11
11
14
10
14
23
28
15
11
11
17
21
52
64
41
14
18
20
37
15
23
10
12
12
12
52
16
41
16
11
11
23
10
22
11
15
13
10
11
16
15
13
20
11
16
13
26
17
11
15
22
15
11
19
32
13
16
10
15
20
40
23
18
17
37
13
46
22
15
378
26
18
13
11
44
13
11
16
16
35
16
25
11
12
16
20
17
11
16
11
12
10
75
16
11
11
12
49
10
232
15
12
18
11
10
15
15
14
12
15
14
20
64
15
12
13
12
14
16
11
15
30
20
26
11
10
12
14
10
18
10
34
13
16
38
11
27
10
11
11
40
80
20
15
13
26
10
104
18
17
13
14
13
61
16
13
13
22
11
10
21
20
46
11
14
32
13
12
11
52
12
14
232
16
16
11
13
12
14
10
36
15
12
12
10
15
15
32
33
13
11
144
67
12
11
36
11
11
18
36
19
14
12
37
24
11
12
71
11
11
14
47
34
20
11
12
13
17
21
19
10
12
14
17
14
20
92
14
25
52
12
13
10
17
25
13
19
18
25
12
12
16
14
16
12
14
19
11
11
20
28
36
18
23
12
15
11
12
42
14
17
24
10
37
23
20
10
18
10
10
16
16
11
14
30
35
21
15
12
13
14
17
15
10
10
15
22
42
10
18
11
15
12
18
11
23
13
109
25
19
10
11
39
61
13
23
13
10
11
11
24
28
16
28
26
10
22
14
42
18
17
35
11
12
10
11
32
29
88
247
12
25
15
12
13
20
52
11
11
23
19
59
18
20
35
11
15
19
25
12
13
17
76
14
13
12
18
14
11
14
12
23
12
28
34
78
10
11
23
11
20
10
20
15
12
20
20
25
21
13
17
12
12
28
12
20
17
10
17
11
12
16
12
120
15
12
83
34
14
22
10
13
11
15
14
21
12
13
156
25
22
90
22
21
66
17
26
21
14
15
19
17
16
37
14
30
12
11
20
15
13
68
24
96
13
12
17
30
12
25
12
14
22
12
11
27
19
16
17
10
14
36
11
10
15
23
10
23
17
10
21
22
39
10
16
16
11
14
18
97
19
10
43
10
13
13
10
30
22
18
28
18
13
13
13
39
17
11
21
10
55
18
11
22
23
16
17
10
21
67
37
30
10
16
12
45
37
12
25
13
14
24
23
10
17
23
14
13
11
12
10
33
10
15
12
13
14
22
26
150
28
12
16
17
22
15
13
15
38
20
10
16
17
11
27
14
13
26
11
23
14
11
10
10
23
13
17
11
17
13
13
14
29
20
26
20
12
16
17
13
16
46
42
96
11
41
11
51
16
26
31
10
10
35
18
15
16
12
12
12
12
34
14
23
35
17
16
29
45
17
62
160
39
46
12
18
13
12
55
13
15
21
80
25
10
125
26
53
15
11
27
12
10
15
13
12
11
16
17
10
15
14
16
25
37
11
12
31
24
19
36
10
22
43
16
51
27
17
12
11
263
13
15
12
12
30
28
26
14
23
12
12
16
31
12
17
77
11
15
19
17
13
43
18
15
74
17
12
45
14
13
12
49
10
33
20
13
25
15
21
11
10
18
42
11
21
39
10
11
16
18
14
19
11
35
11
11
12
15
11
12
26
11
17
18
12
10
20
39
11
51
98
11
20
28
20
14
21
16
12
80
13
14
15
26
10
146
11
51
25
20
37
11
24
10
13
60
11
15
24
38
12
15
11
15
10
14
12
16
52
13
11
13
11
15
12
30
36
19
37
15
14
18
22
22
13
12
14
34
12
24
16
74
35
27
14
13
21
19
12
17
24
11
19
12
20
10
10
19
13
31
72
16
17
13
12
12
17
11
20
15
14
39
11
22
73
16
25
32
35
25
40
11
19
23
11
14
12
10
17
11
15
19
34
11
13
12
10
33
14
11
11
11
14
35
13
10
10
24
12
39
43
13
12
22
34
15
12
18
11
17
24
10
10
38
13
32
11
17
13
19
14
14
26
13
11
15
42
11
11
20
12
14
11
27
49
16
41
85
10
44
10
25
16
26
10
11
23
11
10
15
25
19
21
16
12
25
18
46
15
81
15
24
40
33
17
12
84
11
14
31
21
11
28
19
10
47
94
27
19
11
26
18
14
10
10
11
13
323
21
17
29
71
11
12
13
14
12
22
20
11
15
11
13
19
22
10
15
11
20
10
12
33
14
75
12
13
13
16
12
12
14
99
157
34
13
11
16
12
16
13
58
12
17
17
12
10
22
12
20
30
162
25
11
11
27
15
11
14
39
15
12
11
10
31
16
10
11
168
13
11
12
12
13
14
15
18
112
11
15
11
13
23
70
15
18
35
19
64
11
14
43
15
11
10
13
110
11
11
39
14
10
16
28
11
11
19
15
22
31
17
11
14
472
11
16
10
23
24
14
14
16
22
11
11
35
18
38
14
11
14
12
22
42
13
17
18
26
16
11
16
11
29
11
11
155
22
12
17
11
10
12
12
27
24
10
12
22
14
35
18
10
25
12
14
69
18
69
21
12
56
134
25
12
10
13
43
33
10
16
15
12
22
15
83
17
10
15
17
24
23
49
23
13
21
21
13
24
12
11
20
17
15
12
15
12
11
17
14
11
13
11
29
11
13
17
18
10
30
15
22
10
17
12
11
11
15
13
37
16
15
24
14
105
14
18
13
10
11
27
35
48
46
13
15
25
39
12
13
11
12
34
11
12
63
11
13
64
15
12
12
51
14
11
82
27
13
20
11
22
17
27
12
14
10
21
13
11
11
45
12
11
18
10
34
19
15
21
61
38
14
142
11
23
13
10
20
14
11
40
11
40
16
15
32
281
45
26
10
11
23
84
15
10
35
13
11
12
17
36
53
24
12
52
12
14
36
31
11
69
84
12
10
10
10
10
12
10
11
24
35
25
15
10
31
32
51
12
10
11
12
29
131
11
24
10
11
12
12
13
14
23
28
19
11
12
10
13
43
22
14
18
10
16
15
70
25
35
27
32
11
17
33
18
13
59
12
27
23
14
24
142
12
212
25
15
52
54
18
20
15
24
10
13
55
15
30
12
142
11
12
27
35
20
11
12
28
10
15
11
69
12
11
12
11
10
12
20
14
13
21
27
17
12
16
13
22
23
11
13
11
12
43
11
12
31
118
18
12
14
17
35
14
42
11
20
14
97
26
85
15
14
16
20
11
11
10
10
22
13
15
17
10
15
12
13
65
13
13
26
14
12
17
20
16
13
25
19
10
25
18
10
32
19
14
158
10
20
11
20
11
11
58
39
35
13
15
11
11
10
16
12
11
10
12
14
82
40
11
10
12
15
11
13
13
15
47
32
19
28
27
27
11
25
11
11
11
33
15
11
44
10
11
36
29
11
13
10
23
303
10
12
47
27
17
23
13
11
13
25
15
11
21
30
11
42
44
14
37
21
12
14
10
26
40
32
11
13
12
99
13
10
15
11
12
43
29
43
93
40
19
15
51
11
19
13
28
31
15
11
11
10
23
12
11
14
16
31
10
22
13
61
14
22
20
12
11
10
14
244
11
16
11
15
18
14
15
13
13
12
10
13
28
14
14
42
22
10
13
11
14
12
38
21
36
12
19
21
170
23
14
25
11
28
14
24
19
13
22
30
61
30
12
15
81
18
15
13
12
13
12
17
26
14
18
13
18
12
19
26
12
16
14
15
26
27
15
11
20
32
14
11
15
12
96
22
16
10
11
12
14
34
23
10
19
12
15
38
13
10
12
19
13
11
22
13
14
10
21
11
13
97
18
12
15
11
10
26
25
10
21
40
12
14
10
25
12
33
15
13
11
16
135
32
60
71
16
27
12
17
18
10
31
20
16
42
13
15
11
15
108
31
40
18
68
12
19
15
25
15
14
17
15
70
38
13
13
12
14
29
43
64
80
12
20
16
25
14
16
10
17
13
11
11
12
12
13
13
10
13
20
39
18
20
11
15
109
15
10
16
13
49
45
15
12
26
11
19
10
12
11
15
13
12
25
17
22
19
23
15
11
13
22
14
16
14
120
24
57
18
75
15
13
12
23
13
20
51
15
15
15
55
12
23
49
28
15
11
17
14
13
12
16
42
21
13
10
18
111
61
11
63
15
23
11
13
14
50
28
18
17
24
231
10
21
32
10
13
14
10
24
46
12
28
20
17
14
51
20
49
14
10
10
13
13
22
14
11
19
13
25
11
18
13
13
35
13
57
18
14
29
54
25
16
41
49
14
13
10
11
104
21
10
11
22
29
13
11
25
15
12
13
43
25
18
15
23
15
29
19
10
20
24
41
12
16
26
36
11
10
25
14
19
15
25
17
20
18
11
12
37
10
19
12
13
16
40
15
15
23
11
15
43
11
38
13
13
20
17
35
45
12
32
30
11
12
15
63
11
13
28
17
13
10
18
12
10
10
15
34
25
24
43
11
19
26
16
11
18
11
14
21
11
12
17
12
19
19
16
151
118
49
16
35
30
23
30
24
13
35
11
16
60
15
22
34
13
51
27
11
16
26
17
11
10
11
25
36
12
16
16
20
18
11
11
32
46
106
10
27
10
12
15
15
11
15
17
99
50
13
10
12
34
31
11
41
12
11
15
15
11
19
25
22
15
14
14
36
14
14
13
29
15
51
14
11
11
10
41
15
15
15
14
12
15
22
16
22
11
23
26
11
11
13
16
16
11
27
33
12
12
11
17
11
12
11
18
13
18
15
15
15
15
11
29
21
11
16
12
10
25
15
13
17
16
10
19
12
23
40
28
25
19
16
13
13
124
13
10
20
41
21
14
36
14
16
11
33
12
12
23
16
10
20
43
12
11
37
13
22
57
40
328
13
18
16
17
28
38
16
13
14
12
10
10
12
13
35
11
11
29
28
14
18
17
27
11
11
18
12
41
12
60
12
15
40
28
20
12
14
11
12
27
12
29
31
10
18
28
11
20
15
10
11
13
10
21
37
12
187
18
22
20
11
10
10
10
12
26
22
16
11
16
18
23
13
30
15
10
27
14
21
16
10
38
13
28
11
11
16
11
10
10
14
15
12
20
13
13
15
13
17
27
11
14
12
14
26
11
12
15
11
16
17
17
13
12
28
10
26
12
10
16
15
11
28
10
15
11
31
25
25
17
27
14
22
23
13
21
10
31
42
16
11
13
33
14
20
14
14
14
17
11
50
27
11
16
13
33
32
73
12
17
11
269
27
14
10
36
14
59
20
10
12
18
11
11
15
33
16
12
34
25
19
14
11
17
16
14
10
11
11
11
10
120
12
22
11
10
30
48
26
25
19
19
21
13
12
19
16
40
15
24
47
16
13
33
29
29
22
166
14
21
24
10
15
325
10
42
11
21
12
12
12
13
12
14
11
18
17
25
10
11
11
10
13
17
10
21
12
13
12
44
11
26
35
12
10
35
16
15
12
29
24
12
127
11
16
11
33
34
40
12
11
17
30
18
11
10
32
26
160
11
31
13
15
13
21
12
46
12
13
18
26
28
21
13
36
23
15
11
11
77
17
11
34
14
12
416
31
35
11
22
13
13
24
26
10
13
14
11
11
16
11
21
13
16
19
11
11
22
17
40
11
10
14
13
35
15
21
17
35
25
12
17
35
11
43
17
12
22
11
11
57
11
13
62
10
26
22
20
69
19
43
12
15
44
16
32
11
11
15
23
101
14
293
14
37
15
14
387
17
15
11
23
10
10
17
13
14
37
21
83
18
20
33
42
10
24
18
19
45
12
11
18
13
109
10
14
18
88
38
15
34
19
13
12
51
60
10
14
11
16
14
231
14
11
20
18
13
20
28
13
12
12
11
11
32
21
189
14
19
12
27
13
14
11
13
17
13
18
33
15
13
18
11
12
14
16
16
25
12
15
11
10
19
26
10
13
12
15
13
10
18
24
18
22
30
10
10
16
54
12
52
17
11
31
13
116
37
26
17
11
12
18
12
24
36
13
14
85
10
25
12
17
26
11
10
15
15
20
36
52
21
15
14
19
18
12
20
12
12
22
71
14
22
13
18
14
10
16
16
14
14
22
14
26
17
17
56
21
56
14
11
24
25
19
15
14
16
10
39
11
18
18
42
22
12
11
12
21
16
16
11
12
26
20
235
13
13
14
20
11
11
11
12
10
12
16
51
25
25
22
54
20
25
72
14
38
22
66
17
16
20
11
14
11
12
172
11
42
13
16
51
30
11
15
182
12
13
11
18
27
21
11
12
13
39
45
37
15
11
10
12
58
23
75
14
11
29
12
11
25
10
10
14
10
27
10
13
19
15
24
143
11
14
10
11
88
16
24
11
10
11
17
21
13
15
40
15
12
17
10
30
31
20
22
24
10
19
15
12
31
16
36
10
15
12
12
40
36
12
10
14
15
12
24
126
11
13
15
14
12
13
22
30
16
23
10
21
17
13
19
20
11
10
10
14
13
20
11
12
18
12
12
14
36
48
13
13
30
12
55
15
24
31
52
12
12
28
28
18
18
15
15
19
68
22
19
16
89
13
18
10
20
12
95
17
11
19
10
10
12
55
18
17
14
19
10
15
11
11
28
31
18
32
16
18
19
21
37
15
16
24
19
19
16
16
16
42
20
10
23
21
13
15
15
19
13
12
24
11
40
34
12
11
14
13
16
24
30
26
11
18
25
20
11
13
11
14
13
54
10
12
15
16
36
11
23
16
22
17
16
20
12
19
19
43
22
28
20
74
31
112
10
16
18
10
219
13
20
17
16
22
17
12
26
12
18
13
14
21
14
16
427
29
11
24
19
47
12
12
67
10
15
13
11
11
12
12
14
19
37
14
15
26
20
20
11
15
68
15
26
10
10
84
47
13
10
28
244
16
113
15
16
12
21
21
13
21
17
12
11
14
10
16
11
14
20
14
12
11
16
19
12
27
25
19
15
41
12
76
10
14
23
18
16
13
18
21
12
15
10
13
34
20
17
12
24
13
96
16
89
10
12
14
15
206
15
37
11
40
14
14
17
15
12
10
19
14
16
10
12
13
18
25
64
33
24
10
25
12
300
12
56
14
21
24
11
134
12
13
11
23
11
15
76
17
19
11
13
26
38
15
26
17
15
18
10
14
101
26
15
11
20
10
17
20
17
12
21
15
48
18
12
11
10
14
12
15
107
14
11
14
39
23
21
17
11
11
15
13
12
14
12
10
16
36
86
27
22
10
17
41
11
29
11
42
19
26
11
14
19
11
17
15
16
13
12
11
11
20
10
30
18
14
30
31
10
14
12
28
14
16
10
11
32
11
21
10
10
10
12
43
57
11
29
38
10
39
18
13
21
10
18
45
10
11
12
12
28
12
13
10
47
17
27
17
11
14
17
22
12
15
15
31
15
15
34
16
18
12
48
10
21
46
16
21
32
20
13
14
12
18
14
14
13
18
33
20
20
53
18
28
13
13
12
82
21
26
161
13
231
12
40
12
25
12
12
17
14
53
13
55
11
14
12
19
10
13
13
20
10
39
61
17
14
12
14
23
13
12
19
11
15
10
26
12
91
13
11
12
14
17
14
46
20
18
15
31
11
13
57
28
122
12
10
51
21
10
22
10
10
15
13
120
65
45
13
11
18
17
20
25
166
11
58
15
11
31
21
13
283
10
26
13
20
51
14
12
12
12
145
18
10
14
21
11
25
14
18
11
13
16
12
11
27
76
40
16
14
11
28
22
10
11
11
148
18
12
11
34
16
35
17
11
18
14
18
11
13
17
17
23
11
13
11
11
10
12
19
11
10
17
22
12
10
75
12
23
22
11
22
12
21
15
14
25
41
10
17
10
33
11
38
11
11
13
14
19
30
21
16
58
14
14
17
11
25
12
10
353
154
10
10
11
17
11
25
11
16
32
11
11
11
27
34
14
20
11
51
11
13
10
18
12
162
19
33
31
14
21
16
16
42
16
22
19
348
14
15
33
11
20
14
15
38
23
14
21
30
24
11
26
18
12
10
15
17
10
11
12
14
28
14
26
25
11
14
27
19
30
10
18
27
12
11
19
40
65
11
14
29
18
15
19
243
18
10
14
11
10
26
11
11
17
23
25
15
12
14
16
16
15
57
11
16
12
18
10
18
15
31
22
15
14
30
26
10
15
109
11
33
13
76
10
32
13
14
11
13
15
20
112
12
12
29
41
41
23
10
11
13
12
10
40
20
29
10
10
25
25
12
16
12
21
11
15
36
29
84
13
26
12
52
11
21
15
21
22
11
25
13
22
26
25
12
14
22
21
13
13
11
14
61
14
15
52
17
27
29
19
18
11
15
24
16
38
13
21
10
26
13
11
29
19
14
25
304
14
18
16
11
27
12
16
25
16
79
24
14
31
56
14
10
26
14
18
14
12
10
29
10
54
12
10
11
20
28
72
11
12
10
15
10
10
26
22
14
11
18
17
20
12
19
16
14
18
20
12
10
15
11
22
20
16
13
14
12
31
23
11
18
15
11
13
15
52
14
64
14
10
16
55
24
31
30
11
17
11
11
12
17
10
34
11
23
18
11
24
11
18
71
16
50
11
12
14
18
10
24
11
48
14
10
15
12
11
11
10
12
39
12
10
18
11
11
89
15
10
15
26
41
14
24
10
40
49
20
29
33
14
16
17
17
59
14
14
13
14
10
10
72
49
12
12
12
11
124
10
28
31
29
13
14
40
35
14
20
17
25
42
41
19
13
15
14
11
11
77
14
18
12
15
12
11
13
161
83
29
35
20
13
13
23
13
29
35
14
12
21
68
13
13
12
14
21
11
10
24
15
36
11
28
11
11
16
47
29
14
15
24
15
11
10
10
11
12
87
40
37
13
21
11
14
45
36
23
20
13
22
10
11
16
24
10
16
13
12
194
13
46
19
15
16
